2000 5 11
648 2 1 333 200 1852.64 42078
378 10 7 7 200 1883.67 9372
3062 18 22 357 201 1570.99 85731
2115 4 23 317 200 234.36 98860
1138 16 5 13 500 822.41 34528
682 7 7 56 200 1425.74 77506
2158 10 2 392 200 1242.94 84814
1592 15 27 302 201 1898.26 46544
3552 14 11 243 200 797.06 6462
154 8 6 36 200 141.69 699
1044 19 24 339 503 939.81 56226
2964 13 2 181 200 873.05 97717
2638 14 2 497 200 1578.24 30065
773 15 29 368 500 801.26 72085
1290 8 25 80 200 1301.91 81116
144 13 7 479 200 1476.77 72907
3419 6 11 49 502 180.08 46208
1045 2 4 10 400 906.07 38991
2242 9 23 275 200 819.26 16986
3326 16 23 417 400 1750.71 86164
2333 6 21 258 200 1026.72 33475
132 9 18 160 201 1317.73 86047
2072 15 10 128 302 1826.73 30286
3156 9 25 46 200 172.30 16535
1237 3 22 37 200 1047.55 27003
1098 14 28 314 401 1067.85 69771
3280 16 13 230 204 1780.72 92254
625 15 29 247 200 1297.80 55738
1611 17 17 370 200 1824.04 84085
1546 3 29 279 200 1823.68 30088
1129 6 28 207 200 1344.21 96001
1767 12 20 467 201 456.85 8175
2566 7 16 1 200 553.41 14577
3311 19 12 479 502 716.22 7049
165 15 17 18 200 536.01 5388
2681 5 21 353 200 1693.15 3255
3560 7 8 7 200 1958.78 76746
2179 10 24 240 404 712.30 87335
191 16 19 324 200 498.90 94801
903 8 2 124 200 1663.49 55285
282 15 29 312 200 1381.75 81463
1024 4 17 88 502 582.78 87418
2846 4 6 304 200 1841.12 24917
1228 16 7 440 200 598.12 50204
99 15 13 257 204 318.07 68825
230 12 14 302 201 1805.39 10886
1911 8 26 211 301 1633.61 22265
194 16 2 115 400 1805.77 41892
1959 20 5 77 201 815.85 90855
3229 5 23 118 200 987.62 16009
675 12 12 249 201 1968.24 6066
621 9 6 208 200 48.66 33070
986 7 29 367 200 1330.58 75914
1835 9 19 469 200 1186.84 88774
2114 18 14 144 404 1593.54 64328
3432 6 4 174 200 650.29 96501
2982 9 17 325 200 1852.37 50267
1257 16 28 248 200 1678.74 60811
624 3 9 476 401 1906.46 11609
2921 7 30 267 301 211.28 97239
2719 4 17 60 200 56.87 31533
2108 18 30 497 200 423.79 59916
2401 13 23 72 301 1968.37 20989
3408 2 3 189 201 1745.23 63062
118 12 3 275 302 549.38 12500
2971 2 24 14 204 560.43 37811
867 10 20 478 400 828.60 9183
2401 2 8 335 401 925.39 39260
1447 6 22 410 502 497.45 90537
2999 19 12 20 200 1536.00 25983
1626 12 23 293 200 234.13 71028
421 13 18 8 200 1764.13 13788
2809 6 20 177 200 931.77 29205
3564 8 22 316 401 643.46 6070
606 13 9 122 403 363.50 62871
2142 18 15 172 502 839.84 14494
1928 17 30 62 200 833.26 75481
2287 10 5 361 200 154.71 93830
2156 12 16 478 200 1238.70 93462
1575 3 30 484 200 564.38 55537
3383 14 29 403 302 1800.50 17580
1034 18 13 310 200 1193.27 93871
393 2 24 332 200 904.35 22044
3382 6 18 237 200 595.82 40267
1985 8 5 77 204 1001.82 40770
1999 12 21 79 404 231.20 80584
1969 1 29 18 400 547.76 97523
179 20 3 174 204 1884.81 58249
2248 14 27 109 200 1069.59 34618
1625 18 29 235 200 610.54 37762
575 8 21 323 200 1907.21 4414
395 18 19 47 401 916.59 62563
2664 15 14 131 200 121.36 64284
2919 5 25 299 200 804.47 68436
2142 20 19 364 200 436.47 45879
3229 11 25 429 201 1623.23 63362
1330 16 6 82 200 556.25 36477
2538 13 29 421 200 1411.83 38879
2708 5 21 370 200 450.17 44411
1484 11 20 3 200 987.71 87932
1355 20 5 120 401 1813.41 52327
2571 8 9 386 200 1772.39 90095
2444 20 13 236 200 545.30 65519
2000 14 1 352 404 1778.76 13579
1005 5 1 64 503 1205.63 24821
8 10 1 469 200 763.62 31247
2998 16 4 456 400 1220.01 76960
505 18 18 128 502 870.27 23648
471 11 5 189 204 246.86 6991
2147 5 2 401 401 400.85 19299
202 7 20 59 200 1870.66 52309
2080 3 13 301 200 264.44 77500
1945 9 29 162 500 1491.02 20276
1636 17 27 121 200 859.31 50276
3084 19 9 330 201 1550.48 50009
142 9 6 403 200 1009.28 3889
471 13 27 387 200 1182.62 66362
1597 5 22 463 200 1277.16 96203
2754 12 4 369 200 1421.82 35922
84 7 26 136 200 1963.17 93347
1650 12 14 227 200 877.99 25818
3173 18 21 444 200 793.84 69713
2089 4 17 111 200 1318.81 79684
2045 3 1 199 400 1370.92 4130
1470 20 24 163 200 1639.32 88509
1154 11 18 195 503 1544.21 66498
487 13 17 180 200 1178.28 75594
1836 7 8 301 200 886.89 38104
3201 15 23 94 201 1859.21 60339
3504 10 16 494 200 1841.69 33700
844 1 25 271 200 1549.08 44439
750 15 11 207 200 1535.34 66214
1751 9 6 59 200 887.53 29301
1510 17 19 79 200 1815.44 11402
1503 19 26 182 400 327.72 93841
1234 2 13 140 200 1913.28 61498
2501 10 28 298 200 421.90 87429
2228 19 17 305 401 1949.01 48733
1697 2 7 425 302 1367.17 31010
402 8 9 403 200 644.14 81552
1103 20 20 435 200 529.76 84413
3395 9 8 252 200 393.05 7708
3205 9 19 286 200 1516.14 40545
3228 1 4 349 404 1217.86 66019
531 16 13 378 200 572.74 29498
2227 18 12 422 401 1856.21 83206
388 16 7 478 200 1740.52 64157
2850 9 19 283 404 573.95 29330
880 13 25 459 500 477.12 34766
3409 1 18 109 200 1689.71 42305
199 10 2 138 200 1460.14 33523
2804 16 19 213 302 564.37 24907
471 1 3 410 200 574.45 7946
1471 4 26 261 301 988.70 72115
2234 3 15 497 403 1075.34 17674
929 7 3 497 200 1355.27 13747
620 1 21 455 301 1325.59 94144
1280 8 16 174 301 1840.52 99979
3017 8 17 457 200 1288.60 62116
2231 17 24 102 200 1282.62 34889
2477 16 2 118 302 1783.05 85427
654 18 7 307 201 699.87 19142
1399 9 28 342 404 1505.14 35938
1235 20 5 468 500 1851.38 61264
1284 18 26 215 302 878.12 73584
2817 17 25 401 201 1393.40 72386
272 15 12 146 200 688.54 33076
2332 13 21 226 200 342.94 64653
2397 1 17 484 200 379.39 93301
1091 6 27 443 201 1286.20 41120
363 20 13 485 200 1408.84 41588
436 5 14 480 201 1895.32 47868
126 11 18 167 404 1941.00 48886
121 19 10 230 200 1398.39 71019
3152 15 23 35 403 342.99 77794
2736 10 14 378 200 411.85 67780
1394 1 28 228 200 1406.86 82335
62 15 23 32 404 1525.11 76126
776 17 18 211 200 192.52 80233
402 7 24 314 401 1861.33 64157
1895 10 14 100 200 62.88 72654
1206 4 28 264 200 1587.39 51766
757 16 24 364 200 674.52 35968
3499 20 22 252 200 830.30 56495
1095 1 21 111 502 116.57 96374
1532 5 28 406 200 1189.37 22723
379 7 11 340 301 933.44 502
203 6 12 381 400 1579.57 26914
2076 13 23 236 403 1493.05 81192
3036 8 19 67 502 258.01 88268
2760 3 7 347 200 1690.97 94394
1356 13 19 422 200 1780.51 93636
1471 17 28 271 403 160.16 4384
1272 8 2 451 200 1087.61 53841
1510 4 1 134 200 1903.88 37896
2051 18 2 164 200 240.38 11266
1480 18 30 484 404 555.19 51998
3280 13 4 372 200 1876.35 78241
3150 8 15 42 200 1440.15 50435
2916 7 6 63 302 1780.10 33127
2340 2 9 419 400 641.21 93714
2649 6 30 177 204 1473.67 72833
1624 7 5 159 500 683.74 28041
2517 9 12 137 200 671.80 54285
1722 14 25 499 400 1069.48 23778
404 7 20 341 400 1471.60 56333
778 10 7 414 200 231.61 76210
2263 5 19 310 200 970.87 50698
1597 10 26 173 200 1109.77 30909
1785 13 21 429 200 836.28 71563
3517 9 25 67 200 810.93 37434
2874 3 8 433 200 1866.76 21813
3345 14 29 431 200 715.95 38904
3566 17 15 291 201 271.07 52710
428 9 21 216 500 1603.70 43553
1550 3 28 281 401 1979.71 46324
892 5 12 147 204 1717.29 23654
1054 7 28 45 201 1992.96 59870
447 17 22 4 200 1726.41 33351
300 20 22 55 201 1074.61 78683
3397 8 7 346 204 1053.79 32570
2421 9 16 60 200 452.71 77169
2453 10 5 225 400 1105.30 40192
498 1 16 500 403 1557.49 6672
2527 10 12 144 200 791.83 71885
32 18 15 389 400 1822.94 4507
2860 13 10 14 200 371.70 41966
334 13 22 109 201 667.20 85505
835 8 11 119 201 398.14 44569
1161 16 6 322 201 230.07 23513
71 7 12 213 403 39.84 85600
842 15 29 223 403 1430.25 60203
1876 4 19 371 200 1939.09 91950
2596 20 17 255 201 1579.45 25677
357 19 22 440 201 1063.24 56459
1924 17 21 474 200 305.74 92663
2620 17 19 407 401 1575.96 2899
2455 19 22 191 200 207.74 99117
2124 5 2 126 200 140.66 585
3243 13 2 154 200 1712.62 39624
257 7 13 167 400 549.58 60782
267 6 21 115 200 1425.51 93178
1507 7 22 204 200 1749.46 53630
2971 6 8 316 200 685.26 48540
1090 3 29 457 301 183.52 28325
1795 11 2 266 403 998.28 44371
3510 6 2 228 200 825.53 30472
3087 10 22 499 200 1880.35 80954
1915 11 12 383 200 483.71 86514
3200 3 6 145 200 141.76 62864
736 4 7 416 200 463.11 61030
2994 10 16 347 200 485.04 93430
1647 16 12 98 201 1910.25 49875
3150 8 24 190 401 106.73 37744
688 3 29 477 200 518.75 23086
1945 2 6 489 200 333.38 87256
365 9 25 332 200 1794.97 38905
3547 9 18 262 204 1035.02 5420
902 14 17 233 200 635.35 43809
22 2 8 493 200 15.27 72938
1203 19 28 4 201 1712.14 86799
3437 7 5 281 200 1740.23 64444
2485 16 21 279 204 1492.38 70379
539 18 2 148 200 666.73 97686
2821 19 26 69 201 906.49 79856
274 16 11 388 201 1319.77 52801
475 5 16 136 401 22.74 10596
1948 18 23 419 201 1852.49 72887
461 9 21 307 301 1795.40 77042
2989 19 8 475 201 1831.07 52195
1531 8 22 82 302 1623.34 15562
825 16 30 425 302 327.74 79162
2314 16 25 484 500 1944.08 31178
846 4 22 318 200 1201.29 32132
1543 12 29 349 201 627.32 2240
2977 9 21 319 200 683.42 15451
2657 17 13 274 201 1086.52 1877
2245 16 17 230 200 176.51 83866
2577 2 27 69 200 1375.34 95719
273 6 19 194 200 1197.47 91856
1390 2 28 338 302 299.41 8434
2486 18 25 376 200 1329.63 89467
641 9 11 226 201 516.34 62185
254 11 14 213 200 1380.26 49196
3554 16 7 137 403 1837.96 51978
1421 6 10 483 301 644.14 60648
2965 19 18 166 200 680.48 43719
1350 16 24 106 200 1321.51 71077
1177 14 7 363 301 1941.15 40983
3100 14 16 408 200 116.10 3650
793 8 4 332 401 1327.57 74960
2622 12 21 388 404 1776.47 58178
1057 19 4 52 200 1582.24 87768
603 13 8 178 201 490.54 30958
405 18 1 196 404 1064.40 57192
2153 8 25 407 201 278.05 68373
2516 17 14 320 400 1838.75 5169
1662 19 27 92 200 655.10 19560
2877 15 10 95 200 595.94 62829
963 15 10 378 500 656.62 88379
3019 6 14 379 200 1933.25 88562
2059 13 11 195 200 512.06 63463
1276 9 20 426 500 1624.86 29957
1850 2 30 434 200 1623.98 38612
2523 3 11 7 200 1295.70 20129
288 16 8 485 301 499.85 48015
2821 12 19 22 502 1717.28 70866
3595 4 1 95 200 1740.56 37851
1836 18 4 292 200 1856.28 17232
2315 2 26 42 201 740.05 57485
3019 7 24 109 400 151.21 75328
2809 17 16 240 301 1626.36 30931
1376 18 17 493 201 1777.72 27573
3250 3 26 406 204 1269.84 62613
3238 5 25 188 200 885.11 52983
853 18 22 480 502 815.85 72412
2050 11 4 185 200 80.36 16567
1012 3 12 169 200 343.85 78074
328 14 12 415 201 1721.50 2229
1562 1 2 131 404 1713.77 21082
958 1 2 420 302 1248.35 91377
884 9 15 240 200 1618.40 64822
3295 4 25 246 401 1662.36 7592
2661 1 20 270 401 340.47 29770
1396 3 13 32 200 315.29 5254
212 4 29 270 200 1934.40 93086
1883 16 27 346 302 114.58 84897
893 10 5 50 201 1140.47 12889
969 7 27 338 302 976.53 23711
1214 6 30 451 200 1171.85 55824
571 10 18 420 200 397.57 39499
3008 6 5 290 201 1519.18 50033
294 2 22 378 201 367.59 41798
1290 10 2 437 200 40.28 65113
1197 14 27 56 200 1160.38 71662
1669 1 8 348 200 874.47 21567
2940 17 12 269 201 1104.66 82280
2094 17 20 380 200 884.83 56406
1785 15 16 2 200 59.16 63463
2215 16 22 197 200 135.45 47880
2681 10 10 314 200 92.22 33624
1898 20 10 332 404 871.35 69890
2867 7 26 429 503 1354.87 10969
846 12 8 198 302 611.51 91560
2292 8 21 253 200 631.59 53306
1019 8 15 75 200 1469.26 31208
1661 17 27 233 301 532.30 16275
600 6 6 40 403 1753.11 40315
1578 2 11 295 200 1077.95 17793
2438 12 13 277 400 1484.57 18381
3593 2 7 494 404 1760.08 72357
3082 10 19 238 200 575.99 60398
2090 20 5 183 301 1141.21 52362
2237 4 22 351 200 111.02 23213
3505 10 23 231 500 573.80 14695
179 3 30 23 200 1482.00 38194
524 19 29 279 200 313.77 57999
1250 11 10 194 301 828.66 67049
2961 3 9 230 301 1476.24 16421
2750 4 27 500 400 653.85 19493
1494 10 16 388 503 1492.62 22921
1658 5 29 87 404 1520.43 74841
3539 8 19 173 401 131.58 90690
1338 13 30 409 200 283.62 16772
3479 8 15 499 201 268.16 31809
1702 15 2 233 200 1560.88 77386
3586 11 26 302 400 1231.21 79732
1707 1 27 455 200 137.04 40249
2302 7 5 316 200 190.75 72640
259 3 16 140 400 1213.00 41119
1760 4 9 211 302 1226.59 37031
3400 7 24 393 200 531.53 59608
1852 6 14 67 404 1809.48 46482
1773 17 16 453 400 697.04 77774
2308 4 12 9 401 1654.48 51187
380 14 14 232 204 1131.70 1529
107 14 8 3 200 979.42 79404
2263 4 14 27 301 1189.85 56760
2224 4 24 79 200 1851.76 88612
2925 19 4 391 200 1709.97 44744
3414 19 29 39 200 1433.84 22079
471 4 2 272 404 1043.66 41468
1885 20 22 135 200 448.14 34020
1184 6 20 115 401 1941.57 56290
2740 7 29 255 301 1911.39 95441
1010 6 2 43 201 1800.14 34658
1682 20 12 226 201 302.41 58417
1168 7 28 69 201 1464.35 45097
2635 13 18 180 503 1949.18 23578
291 1 30 229 400 754.20 36440
1474 10 22 277 200 1128.46 93415
1589 7 21 312 200 1546.94 1255
1313 20 22 345 200 746.29 10898
948 2 27 472 201 1587.67 63538
1700 9 2 359 200 997.73 48628
2926 13 18 320 400 1195.70 41506
768 12 23 454 200 74.34 97988
245 17 21 221 200 1779.38 48442
74 20 27 225 200 239.07 29781
1600 8 4 362 503 813.29 35196
819 7 9 205 201 586.43 68136
2013 12 17 353 204 1738.27 57627
2353 6 30 302 201 1651.67 5894
300 16 4 384 200 318.20 55210
445 11 9 197 404 1807.86 53707
2297 18 27 395 201 21.81 56739
230 10 18 64 200 145.32 57647
2931 14 14 413 200 652.23 13329
3515 15 13 15 502 66.07 68801
13 2 23 187 200 1462.60 11934
3238 6 28 254 500 370.13 84491
1978 7 26 115 200 137.76 65127
507 12 27 197 200 1584.92 39250
1682 6 26 12 200 1613.23 11904
1572 3 27 466 201 528.88 94122
1547 12 5 453 404 1151.86 15501
2492 17 29 352 200 1868.89 86627
1027 2 10 169 201 1510.37 82502
1544 4 15 49 403 1463.71 36065
177 10 23 486 200 1471.29 77438
61 2 17 448 200 1291.92 23182
1894 5 30 249 204 1857.73 1484
1118 17 19 106 200 1883.65 19069
944 16 18 194 301 1125.15 19311
1502 17 22 244 200 1347.79 77959
663 8 10 264 401 1623.52 13762
3089 16 26 26 200 1748.21 20055
3124 20 26 54 200 688.40 56833
26 17 8 412 200 485.96 66682
2136 18 11 51 301 1447.55 75818
3307 16 4 58 200 882.77 69177
239 12 17 470 404 770.71 87908
1437 19 7 43 200 1903.53 98307
2813 1 4 496 200 460.43 14603
234 11 24 295 200 1965.03 40740
2587 18 27 313 401 678.32 86331
2834 7 4 107 301 1850.00 59098
211 5 10 149 201 80.40 43908
1245 7 8 98 400 48.48 54710
1339 14 23 214 200 1685.92 12894
1403 7 13 487 200 387.10 33191
525 17 28 397 200 1148.84 95494
3382 12 13 413 302 1805.06 90029
1171 3 16 75 201 1989.19 3896
2500 13 15 108 201 10.99 53929
3042 13 23 89 200 665.87 52687
2389 11 29 475 200 480.04 59954
422 19 18 226 401 1032.51 53977
352 15 20 291 200 23.79 17704
3049 2 7 482 200 684.92 19096
283 1 10 400 302 22.86 56457
2308 3 21 61 201 1976.34 52360
2722 2 12 356 400 414.73 88813
540 12 13 269 200 1815.57 99493
936 18 14 162 200 788.98 21155
1400 18 5 406 200 817.75 26987
3311 6 20 317 200 1976.27 53306
3319 9 10 41 200 925.94 2868
1881 14 25 80 404 1075.02 24751
1891 17 26 266 401 874.20 20057
2136 19 7 79 200 1418.54 45309
366 6 10 195 400 39.40 77520
3554 12 29 239 201 1275.55 12426
1534 13 23 64 200 1857.50 49146
2072 1 13 402 204 1974.57 86618
608 2 28 307 503 120.78 40388
1314 5 15 479 400 1211.66 95934
82 19 12 110 404 1140.82 97592
1505 3 22 372 201 693.21 2238
2990 15 16 101 301 1608.08 11251
3348 17 5 210 400 409.93 65755
1942 1 13 309 400 1748.57 87728
446 14 2 474 200 442.40 70612
1124 17 30 389 200 1232.61 68847
210 17 6 86 503 45.29 283
879 7 27 294 200 1190.22 99328
2258 10 23 89 404 1256.22 14417
2887 9 7 327 301 1407.84 19536
1997 10 7 254 204 1750.43 74737
2547 15 18 333 400 1798.57 29857
3089 1 29 108 200 1181.33 98129
3597 7 18 240 200 416.06 2374
1495 10 12 161 200 2.95 65260
3041 7 11 375 201 1179.83 92473
861 15 23 364 301 1676.43 45662
295 17 12 278 201 1314.03 10597
1807 16 22 236 301 1572.16 74981
370 7 5 44 301 1355.75 33395
63 16 19 27 200 1494.00 3598
586 9 18 217 200 766.17 72333
1572 15 7 427 502 1759.74 10416
1012 8 21 78 200 979.12 55348
1582 7 16 262 204 1132.82 1902
1098 11 8 64 301 102.14 42621
452 6 9 463 401 1622.50 89479
1958 17 5 314 500 308.85 21823
1290 18 7 223 502 1501.61 44199
3065 2 21 463 201 399.51 43478
3197 8 25 434 200 1030.36 55403
1741 14 4 41 200 505.97 69483
2777 17 20 14 200 1386.57 96130
1342 12 17 39 301 914.12 59126
1566 20 12 488 201 274.68 66512
2496 20 9 448 200 1348.06 92892
1957 9 7 476 200 1532.08 55600
2607 15 3 436 200 112.04 17615
939 8 23 367 200 743.87 51034
3326 8 8 97 200 938.48 430
2101 5 22 417 200 948.73 51160
508 13 28 464 403 1734.78 45661
2092 10 12 463 503 562.69 99839
496 16 3 121 201 532.38 50432
958 15 4 30 500 405.13 26485
63 7 26 54 302 902.15 88319
3472 9 28 112 204 874.65 44473
2362 20 5 96 401 1835.99 88683
1569 7 19 469 200 553.39 13177
2084 19 3 19 200 917.27 32195
2838 18 12 100 201 1186.95 63168
2209 11 19 270 200 405.20 49979
2065 18 6 64 200 656.63 73593
1975 16 27 44 200 954.80 62134
2692 13 30 70 200 1204.60 67221
1276 11 28 67 200 1506.49 45966
2475 7 24 140 200 742.83 65586
2709 1 25 85 201 1350.08 75505
3030 10 12 196 200 1600.54 47916
1610 20 24 285 403 466.22 84406
1556 3 21 412 200 606.19 61810
52 13 7 69 502 66.29 71373
41 20 2 282 200 1182.50 92673
2046 7 4 148 301 978.06 39068
2444 3 20 69 200 1377.62 669
1046 8 5 189 301 1590.93 1394
2830 10 24 449 401 495.17 99521
1222 1 10 386 201 799.98 97169
2320 17 9 40 200 1609.28 28560
820 2 17 163 200 345.27 75166
1637 7 10 60 301 1090.97 33406
322 3 8 194 503 111.21 46407
243 2 8 126 200 529.45 60546
2066 18 18 44 401 1156.01 41909
2613 3 22 73 200 305.30 4473
3151 10 17 218 204 1358.41 29202
1950 9 9 102 200 185.50 81573
815 12 25 177 200 211.38 41941
2480 10 6 293 200 1395.68 73243
544 5 25 482 301 1600.72 36198
2861 8 10 300 200 1055.36 90954
17 8 6 368 200 772.19 87995
2280 14 18 142 200 1397.82 14941
2938 2 26 310 200 1112.03 10823
3128 9 27 7 302 1211.00 24394
3332 18 16 442 302 825.45 30251
3448 5 2 104 200 531.52 74257
1248 15 25 356 200 1671.70 39074
2401 3 25 385 301 1940.87 59412
2140 4 3 317 302 560.75 24937
1012 3 6 306 200 217.74 89392
670 20 11 375 200 1618.06 17060
1144 18 20 336 404 1628.62 70956
437 17 7 58 404 530.53 6594
1244 16 1 381 403 206.36 60157
1986 11 27 8 204 437.50 34506
1063 16 23 9 201 846.43 32025
2217 16 22 77 503 595.11 27705
1524 5 21 415 200 833.91 50423
254 6 2 34 200 1862.20 92048
3587 10 18 77 200 1964.09 63419
1387 11 28 99 200 140.21 17939
2342 9 21 168 200 1612.72 62120
1063 7 25 244 200 1427.81 51344
2458 5 18 213 200 1631.15 55366
2159 9 13 46 200 1730.55 63831
1147 20 10 224 200 1927.52 12173
3533 9 7 296 200 345.77 54932
1536 10 16 255 200 1909.13 57587
417 11 17 407 204 1500.97 56749
3433 12 14 78 200 233.39 84033
1716 3 17 398 200 442.78 50167
936 17 20 462 204 1148.65 38787
2942 9 6 106 400 1523.22 61143
734 11 29 192 200 1656.31 68250
1263 5 30 39 200 64.50 65292
2943 2 1 69 200 1969.27 44041
823 1 9 406 400 982.59 19138
2640 3 1 482 200 1507.12 86814
621 13 12 69 404 1399.96 62517
3315 13 29 255 500 1682.29 23034
735 2 11 186 200 1843.29 92205
509 8 28 12 401 1760.50 87346
3184 15 21 305 200 1338.54 56319
1828 15 6 327 200 497.71 37946
2281 15 4 222 200 217.04 74719
3537 19 20 324 200 1644.61 18918
3069 5 13 169 500 226.97 52056
2074 2 11 369 200 716.00 2211
15 7 4 207 200 82.16 65144
1672 11 5 454 200 305.77 63355
3134 11 5 336 200 1686.30 31646
2439 18 19 349 200 1190.56 64238
1837 17 4 368 200 616.97 93571
563 1 22 307 201 94.36 10913
2582 11 20 179 302 1460.88 38013
2623 2 3 438 201 1863.70 25189
1704 19 6 143 200 1630.71 55187
153 15 8 212 201 460.56 40171
976 8 17 150 500 1800.57 14563
1259 8 14 374 503 769.63 39680
30 12 29 442 404 725.08 1290
615 1 8 438 200 1186.61 68389
362 9 19 295 200 102.01 40606
791 13 3 248 503 1185.53 17819
1493 9 19 420 503 1065.06 20128
2024 9 18 45 301 1002.97 89074
660 7 27 414 404 957.95 11952
3286 18 25 211 200 1319.05 59728
993 7 15 196 200 1696.24 25744
902 2 1 89 200 1620.81 99739
1784 2 26 437 200 1377.23 37765
3159 7 26 31 200 1109.85 16603
3577 17 11 108 200 19.76 10008
2668 18 30 56 200 1312.01 91808
574 19 12 221 200 232.23 35190
2387 6 20 78 200 1982.76 85247
1404 17 23 478 201 1263.22 73607
176 18 29 77 503 1681.21 45510
1936 18 25 481 200 1167.54 73075
3077 15 29 308 200 1382.58 78043
1090 6 14 29 201 1455.87 91980
3063 6 7 415 200 1624.52 73434
3427 15 9 306 200 1923.88 73183
2164 19 4 34 204 406.19 40698
203 8 15 47 200 1724.30 94946
2040 6 10 404 200 978.55 96292
2677 11 12 37 201 1119.27 33797
1326 8 8 95 200 539.95 59825
868 5 12 120 200 127.99 43695
1214 2 26 102 200 1210.99 15915
204 6 28 362 200 858.09 36980
2826 7 13 11 403 1561.26 77512
432 8 3 7 200 98.79 18567
1380 19 5 5 401 1852.03 89075
2594 8 4 413 302 285.90 33211
1457 1 6 488 200 1788.86 13464
1778 19 29 351 200 1106.00 38845
3344 4 13 278 502 452.50 69629
1544 15 5 296 200 1588.28 60418
545 18 19 24 200 1017.59 95688
2299 10 4 359 200 694.59 56125
459 9 10 409 200 1888.57 88228
1409 14 3 238 301 1698.21 50429
3190 20 7 486 200 1857.45 9340
2863 14 23 416 200 625.43 76427
785 4 14 398 201 1797.69 62427
3172 1 9 132 502 1745.06 2908
2024 3 21 434 200 1786.03 98416
2081 12 8 376 200 1232.92 42362
2780 8 8 216 200 399.40 54967
1971 7 23 151 200 597.08 64388
280 3 18 172 200 835.10 96055
2791 2 24 70 200 1758.67 72907
2833 10 9 134 200 846.43 16058
2589 17 5 43 503 1134.59 91777
957 8 16 272 400 1126.19 45002
683 17 27 89 200 1831.28 41887
3551 18 24 314 200 1170.42 14892
3286 19 2 413 200 334.11 85739
2841 18 18 323 502 49.95 86869
770 18 16 350 301 1167.10 33733
180 12 14 199 200 471.79 30006
3165 17 14 462 200 1329.77 70504
1559 8 25 382 204 854.15 16885
728 19 25 309 200 1394.76 81921
1998 4 16 442 503 914.32 65248
2933 2 24 28 302 1740.59 68411
2830 9 21 374 201 1611.72 2178
482 3 30 48 403 649.72 92295
682 6 28 156 502 1605.92 98088
1276 9 17 12 200 1100.11 10523
2687 14 20 56 301 1279.49 60039
1650 11 25 55 200 1382.05 40294
385 13 1 363 204 950.95 89640
560 12 3 18 200 1341.89 33032
2745 10 10 126 200 1461.34 10069
1853 9 2 183 200 1559.40 62010
2878 3 6 334 200 1796.73 5077
2906 7 9 380 201 554.39 87934
573 20 11 180 200 1955.31 34784
3297 14 3 206 200 194.10 43808
347 1 7 226 200 1179.66 16113
385 6 30 248 404 1653.92 35156
2114 6 3 451 200 1475.97 46969
1041 5 22 182 201 1891.74 63098
1418 19 3 82 200 1142.61 51744
1446 14 23 241 502 1573.24 38494
676 17 15 133 201 609.04 67007
590 13 2 440 200 1180.64 63056
2577 13 9 233 400 293.02 35707
3185 13 25 109 200 412.35 50723
3422 20 21 158 503 1325.84 64783
608 6 9 167 200 1665.88 65693
2526 16 25 156 200 1055.39 71656
2719 7 6 287 401 1447.35 43030
1141 7 25 108 200 1617.71 61980
1761 13 23 442 200 1602.19 931
161 18 30 61 302 1669.40 14790
2504 4 11 249 401 1975.36 68786
1575 9 7 33 200 1125.33 12800
3300 9 7 230 200 732.83 35280
1509 2 14 314 200 391.01 51120
115 1 3 305 200 1436.38 60482
3281 6 19 311 201 700.72 96807
2851 13 22 18 200 722.22 65447
2283 19 18 108 200 5.77 91239
1878 1 30 159 200 697.78 98709
2069 11 3 83 503 301.15 20915
1146 19 5 273 201 1896.43 52441
3336 1 29 126 201 1458.67 60514
205 1 27 444 404 811.42 15063
3140 6 5 89 200 520.41 87349
2243 8 20 314 201 179.59 84932
3198 14 26 391 200 391.73 10857
1936 11 19 246 200 1315.73 3287
3513 16 17 138 500 1811.20 8173
651 16 5 151 201 1043.07 68150
2969 10 22 430 401 372.88 64748
47 20 18 10 400 487.47 98202
3390 7 22 287 200 159.13 64471
3067 1 22 103 200 1143.75 49740
2906 13 26 307 200 616.44 58822
617 1 26 22 204 1744.76 38290
2867 5 15 329 502 64.98 45787
554 17 19 6 204 351.44 6196
1807 2 8 27 200 18.86 93429
2326 20 13 273 200 836.54 41944
2074 7 1 106 200 819.83 70030
2062 9 12 201 200 877.13 90891
653 8 10 327 200 625.35 5575
312 7 7 31 200 16.54 5168
1874 9 16 264 204 75.64 57428
2905 2 22 250 200 461.34 61667
88 5 21 348 200 890.28 61178
2577 10 19 277 200 1937.61 93125
1652 10 28 28 502 469.58 73421
657 19 13 67 201 395.16 50263
45 4 2 37 200 569.01 34210
3594 5 4 485 400 1316.41 36799
610 1 8 456 401 409.38 49746
2284 18 22 286 200 1919.00 92089
456 20 12 245 200 90.95 94620
1101 17 20 398 403 860.29 70059
1278 20 22 31 200 1772.28 7362
2224 5 22 190 200 1650.85 27436
2075 1 10 378 301 337.59 82330
1010 2 26 150 204 577.86 30064
265 9 6 325 201 1846.26 28966
26 18 12 149 200 319.97 39052
1058 12 7 218 502 869.47 23933
1396 16 3 31 404 1420.12 10248
2091 5 19 143 204 1794.80 11675
2116 20 10 402 200 1921.64 63556
2239 19 23 70 200 171.12 14507
1026 7 15 71 201 969.89 46797
3135 1 17 437 502 522.37 87431
262 9 6 77 200 1112.35 42938
3292 12 15 299 500 1961.83 23293
3597 19 18 330 302 737.84 35875
2770 14 5 263 401 375.54 54751
2335 3 22 98 204 622.98 65462
2621 17 6 411 200 78.83 97878
955 8 6 403 403 384.87 33296
2999 7 17 144 200 329.23 22831
2153 5 22 367 401 758.57 25852
90 16 17 12 404 1976.51 54001
3315 10 17 16 201 1537.42 266
2258 7 19 258 404 284.15 44351
423 4 4 351 403 1318.15 76639
922 7 11 200 200 913.91 86030
3375 3 20 134 500 1369.45 25275
12 13 19 95 200 1825.81 82206
2434 14 24 61 200 1770.26 97598
51 9 21 122 401 582.86 6178
3245 20 6 465 200 1910.88 36390
1073 6 21 273 200 40.25 42417
505 15 24 160 502 1913.89 25928
3504 19 21 49 200 94.50 81533
2435 11 28 106 200 419.66 56240
2339 4 1 46 204 583.79 52164
3137 15 26 128 404 939.11 66471
2348 3 13 270 403 1827.74 93544
858 18 7 70 200 1637.60 21950
3383 7 3 384 400 1067.35 22005
3128 8 28 22 200 864.58 89214
485 7 20 496 200 345.34 67605
1079 7 1 188 200 934.14 19734
513 6 14 312 200 388.86 45691
357 16 29 184 404 919.16 51229
2044 12 23 313 204 192.38 96325
2367 18 3 261 403 1034.10 9321
2524 5 16 79 201 1230.42 17966
325 1 18 105 200 1122.85 3830
2 6 9 35 200 364.29 26473
945 10 18 56 200 63.62 67300
1239 7 24 455 200 934.21 73071
3126 19 23 327 200 1271.32 26351
1372 20 13 401 200 1218.52 93453
2665 8 3 133 503 1229.55 68933
1491 14 24 77 200 1237.67 43017
3577 19 15 56 400 655.32 82278
1779 8 18 79 301 757.25 82477
1276 4 17 165 204 1073.53 95481
2623 20 30 440 200 259.64 68830
1085 11 10 270 301 1843.91 35638
3172 10 27 58 400 281.97 94209
692 3 13 110 200 369.47 62438
675 14 19 442 200 1493.42 9344
3273 2 14 62 502 1436.40 68999
537 10 11 442 200 1542.05 72750
1562 10 14 495 200 1551.64 56836
2289 10 4 331 200 870.13 67093
278 13 5 217 200 1827.66 8362
1161 7 19 488 200 563.78 21497
605 3 23 115 200 1251.21 76998
976 8 27 448 200 239.97 27147
1214 1 11 317 200 375.35 56658
584 20 28 152 200 131.89 80340
1109 17 21 459 404 776.42 99049
2677 13 13 373 500 1839.80 76608
2911 4 20 405 200 263.94 26001
464 15 1 270 200 444.73 92114
1849 20 1 28 200 192.91 55144
887 11 19 138 404 542.75 23401
1598 3 8 401 400 791.59 17494
1154 19 15 167 301 1488.84 97611
3223 4 20 340 201 385.12 17365
2399 17 14 174 200 1089.57 79518
2362 17 16 203 500 1002.13 60787
820 18 22 280 200 1802.36 62849
3091 19 28 79 200 289.37 9777
676 13 30 172 201 255.88 92901
105 2 14 72 200 573.76 14274
1531 6 4 354 502 50.20 42010
859 3 5 165 400 1595.80 44035
2844 8 9 462 404 1752.92 1749
403 15 18 250 200 428.39 74362
3206 1 15 202 200 13.43 92256
1001 10 28 106 204 1313.00 68009
475 2 4 5 201 972.59 46228
2734 17 7 212 500 294.74 89670
1610 3 27 300 401 1204.59 50747
3170 4 20 319 200 1377.69 37147
3268 10 2 145 200 1533.50 94148
556 19 12 472 401 623.27 13646
2259 16 20 74 503 1197.53 25610
871 11 11 22 200 1001.67 12618
2355 17 25 331 200 1095.65 5264
1246 2 8 398 200 1.67 11831
129 1 3 23 200 936.42 47708
293 18 6 290 401 1602.18 93886
3399 11 8 130 200 904.25 92682
530 18 27 331 201 1394.54 8518
1742 2 4 217 201 765.08 32379
1927 15 25 404 404 1269.52 95417
901 6 15 286 503 445.41 49113
1298 12 4 132 201 1967.22 74845
3410 14 13 36 200 96.17 77913
3101 1 3 301 503 314.73 20824
3179 11 19 437 201 1562.90 46914
1805 20 12 462 302 11.66 20517
2930 6 22 41 204 1247.58 44534
3497 13 9 492 200 807.25 21446
2466 9 9 230 403 588.09 21531
2663 8 14 140 201 64.18 21712
1576 18 4 64 200 769.59 666
2751 15 3 333 200 1638.42 52479
2141 19 13 133 200 414.87 43644
1859 8 28 446 400 1209.35 29864
681 13 19 235 403 1335.77 97929
1730 13 23 429 201 798.53 4242
3159 12 19 120 200 208.97 87067
3592 5 7 156 401 1115.69 26896
175 20 21 490 200 728.59 61648
2977 4 7 323 200 1847.03 63159
15 14 20 278 200 396.84 34571
3257 13 16 170 301 39.20 40214
2252 13 25 429 401 1656.84 66565
804 20 10 263 200 661.08 49747
2831 16 23 24 201 1783.02 45953
2596 15 25 481 200 1774.11 11031
2612 7 18 204 204 1895.42 82117
265 1 1 321 200 1512.37 94146
1901 5 30 420 200 1943.08 75894
1324 19 10 360 500 1922.88 99704
1022 8 10 159 200 1209.19 78881
1619 3 17 270 200 966.79 39160
3266 7 25 401 302 389.13 43106
2798 8 30 139 301 1398.06 36154
2003 16 8 427 200 1083.13 7682
2009 1 8 469 401 1812.33 81382
3201 6 30 254 201 657.80 39832
3176 5 11 471 502 58.30 1476
215 13 17 499 500 1549.38 59704
1699 20 6 166 204 266.12 81181
2228 6 26 303 201 1852.10 56983
1411 20 3 13 200 888.35 52880
359 4 21 404 200 1116.19 33880
2182 3 29 216 200 1967.94 79123
614 1 24 173 502 203.22 32745
2650 17 23 432 200 181.68 20576
487 14 23 64 200 227.52 99999
3422 11 25 449 400 1930.72 9372
2468 18 8 499 404 60.93 41167
824 3 6 127 200 685.77 83502
1977 2 21 30 404 1335.49 65555
334 5 28 451 404 1409.59 79577
3166 9 7 316 401 1216.86 69116
334 12 2 229 200 1566.22 70097
893 12 19 448 200 593.08 23908
818 18 9 274 400 1130.06 76784
1698 1 21 243 401 1420.29 36915
1610 10 21 353 200 1157.44 78275
1394 15 19 329 200 1921.40 71449
1621 6 20 75 200 1091.99 86809
376 7 9 183 400 475.71 21791
3441 14 22 280 201 691.60 17461
1265 2 21 401 200 1449.91 15116
1560 17 29 392 200 1843.81 54883
394 6 29 465 404 216.75 32950
807 6 14 486 301 208.33 49008
3081 10 5 186 301 861.17 61986
1936 14 27 382 200 721.63 38260
2879 3 4 476 201 1997.19 97272
414 7 14 424 200 427.90 3204
783 18 21 280 200 494.41 57521
1776 17 9 187 201 1040.06 52593
2944 19 5 472 200 399.04 15373
98 1 11 365 401 1488.43 67895
1103 17 5 432 204 734.20 57674
3265 12 24 315 204 1185.11 75200
1582 8 29 374 200 877.75 8472
1379 2 3 118 200 724.64 71232
806 6 6 218 200 1239.63 77208
2164 10 24 389 502 1027.17 52489
2220 11 27 237 200 63.03 89935
1256 18 8 47 200 178.59 64830
299 6 8 80 204 967.47 73532
269 16 22 269 204 1878.09 76177
733 5 2 390 200 597.94 29220
796 17 25 270 400 1545.99 44805
781 18 7 312 403 367.54 27591
1575 1 28 40 200 1050.79 34340
2941 20 22 6 200 808.64 47834
2149 4 19 387 204 216.98 29440
461 7 6 248 201 1981.55 50586
2837 5 20 164 502 1664.67 18267
2539 20 28 412 200 98.35 76949
400 2 3 8 201 921.03 26645
1136 13 9 302 204 1513.77 38188
2501 13 15 30 201 636.86 69543
2190 8 14 16 200 446.04 85972
415 20 22 478 200 1137.16 21501
1227 5 24 401 404 1785.42 46126
2105 18 30 414 200 1619.88 68720
2810 14 12 274 200 903.24 23519
1081 7 23 279 400 1439.68 46850
2662 18 30 111 200 331.60 89478
1073 13 11 3 200 393.49 87080
1229 17 16 383 201 526.06 14335
1183 10 6 319 400 1509.74 2518
696 14 14 275 400 1695.31 57417
141 2 28 106 500 897.00 34417
2727 3 16 69 400 1363.78 53378
1559 2 27 500 200 358.05 29931
2734 10 11 43 200 514.83 56926
2542 4 30 121 301 1229.83 30751
1713 8 11 434 401 1631.00 76661
2954 2 19 375 503 86.40 34188
253 9 28 190 400 1262.13 96649
26 5 4 45 200 1502.47 32444
1379 3 28 495 404 679.44 79446
1460 2 9 265 201 1327.88 56786
3411 12 23 426 400 1173.49 23188
2238 6 11 410 403 135.71 25282
2013 7 15 304 404 634.47 77913
683 1 3 271 200 1126.53 25480
1891 9 2 303 400 285.04 76727
2560 17 9 255 401 1999.90 54514
3250 20 29 221 200 639.38 62591
2945 5 17 217 200 810.31 41147
1299 5 17 353 403 823.05 34441
2269 10 15 158 204 448.42 43575
1395 18 27 104 200 1059.97 59702
1591 18 28 267 301 1971.53 35588
3497 11 4 59 200 1677.53 22832
2256 18 14 212 200 1657.58 91507
3004 2 12 454 404 1344.75 63857
592 3 5 301 200 585.89 21406
65 18 21 448 404 604.63 40400
2704 5 18 421 500 1272.66 36274
169 7 21 314 200 1779.43 55491
2983 19 4 204 200 1048.81 45144
562 16 11 26 200 1617.03 52794
156 14 9 292 200 197.47 51958
1660 14 20 250 302 710.90 20539
1615 18 26 434 200 1452.28 11233
1143 10 30 227 200 316.50 30078
2928 11 3 418 200 737.91 59672
2233 7 8 234 200 474.35 84516
1549 7 3 1 200 1557.23 85977
1355 8 21 317 404 1911.28 7600
3583 17 23 467 200 385.49 97725
2546 12 10 413 200 1918.76 86443
2701 18 20 110 200 1291.23 24535
2408 7 1 433 204 1246.87 34311
1314 12 20 169 400 235.87 62629
2680 14 3 438 200 261.57 90072
1292 5 10 297 404 744.05 91828
257 16 1 471 200 11.15 82582
3411 4 16 476 302 922.67 96196
1966 11 6 206 403 1065.08 50511
2605 1 5 406 200 1282.97 11534
2821 11 21 178 404 324.31 46480
812 2 10 368 200 881.57 43657
2554 13 13 387 200 785.65 72515
1131 7 19 378 200 311.24 34233
2364 4 8 461 200 1359.44 22018
3556 6 13 289 200 849.52 64536
1425 5 19 198 200 289.33 70232
368 19 21 73 200 1284.82 1890
2529 13 25 11 204 1253.13 40931
840 17 14 90 200 375.71 42294
1924 2 14 47 403 1220.57 81309
3357 8 11 248 200 836.01 48394
450 13 29 467 204 1024.14 68644
2673 4 28 219 200 1854.74 48668
2333 11 18 359 200 1018.60 51397
959 2 10 348 200 425.65 80802
1699 11 4 101 401 1245.96 6566
1028 9 18 101 301 1998.17 32544
3116 17 8 447 400 112.11 25578
3155 18 11 55 200 799.87 19436
1350 7 28 351 200 872.02 98326
1351 18 26 172 200 1585.34 72594
2887 9 21 486 400 698.83 68080
1343 6 3 305 502 1569.35 65560
1111 1 18 417 200 205.44 97636
2356 16 17 466 200 1729.27 81048
1078 20 10 379 301 1853.92 22238
2388 16 28 393 200 1091.79 86284
1726 4 22 480 200 1013.88 86840
2655 18 6 387 201 1435.64 62687
2476 6 17 66 200 776.37 40114
2360 20 28 344 302 445.03 93426
3347 7 3 174 302 348.78 57756
1988 12 26 250 201 1608.12 47957
1836 8 17 170 301 1345.09 35150
2369 16 27 322 200 135.50 47107
1498 13 25 67 200 534.97 36641
966 10 2 196 200 1533.32 29786
771 16 27 186 200 295.67 33845
2481 18 4 77 200 1811.52 22505
98 3 28 258 200 922.63 75374
68 1 4 484 200 1670.81 43485
2448 18 18 41 302 237.08 15774
1566 9 26 159 200 1194.67 19396
3127 8 3 71 201 754.44 10168
2382 19 8 287 200 360.94 22199
304 3 16 164 404 531.89 52928
2735 18 9 8 200 611.29 26241
840 18 12 423 301 908.10 4156
279 15 24 110 200 1222.91 66130
2597 6 16 228 302 948.33 23040
3115 14 30 146 403 1795.72 54586
1251 10 9 266 200 959.42 66316
739 9 26 146 200 1628.08 97685
2104 19 5 356 200 1314.51 92189
1623 1 29 484 201 1847.18 40437
2696 13 3 450 201 1403.88 80886
3057 17 10 489 201 1811.25 23811
913 5 11 145 404 1486.58 17349
3409 12 10 87 200 1753.17 18763
1144 1 4 278 200 1632.12 16714
2505 7 7 253 200 920.04 50676
51 20 29 82 200 1984.06 27151
1518 14 30 152 201 1806.48 50172
316 11 18 267 200 174.00 64654
2982 4 24 94 302 1676.66 60507
1059 5 25 325 302 865.36 26400
1908 10 29 255 200 1033.34 44329
212 1 3 58 302 772.83 48807
2556 14 27 29 403 284.06 59182
1932 2 12 35 200 270.49 96215
3090 13 13 145 403 1855.28 16163
1055 18 30 338 503 706.33 22787
2224 6 20 94 201 157.16 1272
3205 8 29 252 404 1088.33 20314
1587 6 12 237 401 994.53 24383
895 10 1 390 404 136.96 63906
1956 10 27 455 200 1225.91 79928
2079 17 13 435 204 400.29 12392
1604 17 19 323 302 1077.03 45959
2149 8 3 430 200 1847.32 53417
1466 20 14 88 302 308.42 38161
815 6 8 71 301 1037.46 49748
3456 5 17 117 403 6.54 98717
2973 6 13 322 500 956.18 27322
2983 1 1 150 200 724.92 23229
1806 18 24 114 200 583.76 16779
3541 20 3 339 200 41.77 19580
2341 9 10 411 200 911.23 36181
1847 2 18 253 502 696.15 19825
1404 15 19 360 200 787.70 7153
1988 18 21 309 204 1300.12 58140
216 12 10 1 200 1256.02 61422
0 12 12 481 200 466.55 47176
226 16 4 194 201 1560.25 11485
1865 5 26 313 500 1933.93 71083
2314 3 25 365 404 497.93 64702
2868 5 29 186 200 181.17 94880
2363 1 10 141 200 1813.22 59998
1822 2 26 378 204 1348.45 83372
1024 13 1 238 401 1805.28 38127
643 8 12 126 403 932.78 74599
3187 15 16 417 201 29.42 7123
1030 6 16 40 400 394.35 41346
583 18 13 298 500 274.08 19225
1906 13 16 212 201 294.16 49485
834 14 22 218 503 1525.89 70350
3096 5 24 282 201 603.55 96702
2521 20 30 335 200 1916.04 60240
971 8 8 242 201 1885.43 73096
2113 17 21 55 503 683.61 23630
2989 15 30 256 200 1976.95 53829
284 13 27 302 200 1061.86 45936
2217 1 26 297 204 932.19 85843
3368 13 2 36 204 125.32 42878
1493 20 1 123 200 1971.77 85551
1028 16 2 106 200 806.85 75634
104 11 16 36 200 621.46 52415
79 3 13 428 200 1569.40 61974
2417 1 6 304 201 163.57 32119
1576 14 20 123 401 461.02 46666
1818 11 30 137 401 300.14 66089
3031 2 25 361 301 422.54 82146
2984 7 8 9 201 996.54 93336
369 18 20 48 200 1684.20 78428
61 11 18 289 200 539.31 32537
2801 1 10 16 404 1808.66 88812
3303 10 30 362 200 907.74 22420
3097 10 14 142 200 1026.53 49505
2300 14 25 17 200 526.93 95522
2122 14 24 216 204 355.70 89379
3323 11 12 373 403 1228.37 8997
1585 3 2 232 201 1579.65 5237
1748 20 29 116 401 856.65 14294
3581 11 25 499 401 276.41 3052
2782 8 15 461 301 1506.41 52978
2752 18 11 421 200 472.86 81302
3378 19 12 326 200 1641.39 50612
1276 8 12 264 200 1527.02 14517
499 19 10 444 200 120.76 65812
581 18 10 485 200 228.62 33319
2097 7 21 350 200 1727.42 90841
1492 5 7 454 400 648.35 86047
377 1 21 120 200 1780.31 11401
54 13 22 334 201 177.90 49852
1517 15 12 430 201 1014.85 44229
1846 2 9 302 200 888.78 29077
1190 18 26 326 200 416.10 58875
2383 18 28 459 200 737.45 48217
3329 16 21 500 200 1132.09 23533
2934 14 28 263 200 338.16 55487
369 16 23 442 301 1812.00 80064
1639 13 17 346 503 622.21 36204
628 13 28 430 201 1613.11 4385
1082 10 21 313 403 864.96 96638
2921 3 17 381 401 1093.74 58613
2769 2 6 496 200 67.58 78405
2168 15 16 265 204 364.26 75992
3455 6 18 39 500 1381.80 7692
1261 5 28 427 301 1011.66 73162
763 4 16 49 201 1666.04 24101
2098 16 12 280 200 730.13 33359
787 3 4 336 403 44.09 76855
2570 4 29 420 503 620.17 77682
3401 1 19 63 301 810.98 92774
2691 1 16 462 201 1827.35 90888
1476 7 19 67 200 1773.72 9520
407 14 18 236 200 825.31 91264
2712 12 25 437 200 618.11 5466
3509 2 25 345 400 965.44 91151
2584 8 28 87 502 1535.86 64759
90 14 12 418 403 1244.34 10859
2212 12 7 463 200 232.77 39520
2873 10 1 209 200 1745.01 67459
3397 13 10 245 200 386.13 295
1043 9 20 228 404 472.54 55350
1143 8 8 244 200 363.63 86986
1558 16 15 441 201 1983.78 45977
662 17 19 214 200 1810.71 21537
3116 17 17 235 200 1256.03 2958
127 18 20 372 502 323.59 22542
1491 5 21 191 401 1112.81 38774
2811 11 12 221 200 755.92 31431
2811 8 27 130 200 1536.13 12215
1931 14 22 64 401 1493.79 35561
83 13 22 314 200 169.01 60634
1829 4 29 348 502 1311.35 13686
608 19 21 274 200 464.78 77909
3411 6 6 133 302 66.50 64538
356 12 2 413 200 529.63 58809
1695 18 22 280 301 942.04 43290
3289 6 30 38 204 813.72 15567
2387 18 19 231 401 1919.31 74650
2171 9 27 194 200 76.31 35969
365 8 18 129 500 971.53 95403
3271 17 19 180 201 592.79 59368
3124 19 26 207 200 489.91 34900
2942 12 19 488 200 480.22 18128
186 9 11 53 200 1459.49 21914
2513 13 28 345 200 585.44 16531
2798 17 12 479 200 958.25 84534
3174 5 1 6 401 483.00 98426
2858 12 18 377 200 613.95 49270
402 3 9 122 200 1328.03 99157
644 14 14 494 201 1218.39 37885
951 3 19 20 200 813.83 98747
2362 18 16 418 200 1186.50 72406
3248 3 3 86 403 1445.17 56000
2883 16 5 84 400 329.44 8724
2257 5 6 307 201 215.99 26518
3232 7 11 388 200 842.46 51920
1564 18 30 279 201 580.90 49818
1461 16 9 354 503 1904.57 32053
1051 19 2 102 200 960.74 26343
1527 6 25 177 200 1385.15 8366
1989 11 4 41 200 1678.14 32861
3335 11 8 487 401 1895.00 71564
354 16 11 416 200 377.57 66822
2130 13 21 408 500 388.07 22761
281 12 1 141 200 1581.54 83968
98 10 11 423 200 422.15 62935
1448 8 27 369 200 1077.51 34080
146 11 28 150 201 1187.26 98125
1702 15 20 163 400 1340.40 68290
2419 8 3 65 201 991.03 28721
3332 10 23 34 200 1186.69 6239
1279 1 2 137 200 937.91 76504
2482 19 21 454 302 569.34 17762
2789 10 20 482 200 219.23 98307
1720 5 3 430 404 962.96 21428
710 7 4 333 200 1967.27 70815
2764 15 1 257 200 487.94 37648
150 3 2 386 302 1328.46 46780
2379 9 25 421 200 923.56 99392
2761 15 26 165 301 1727.74 3225
535 9 27 197 200 793.18 44709
1059 5 2 186 200 1107.74 42872
1961 9 23 285 200 1923.44 31684
449 8 29 66 200 1603.81 55306
2972 5 6 157 200 932.19 8792
1000 2 14 75 200 218.14 36161
2770 17 3 438 200 1592.37 43136
3293 18 26 341 400 1554.36 35213
3033 1 17 309 201 14.12 57021
1238 15 14 325 204 528.31 60409
3519 3 5 135 201 1946.92 76811
1204 10 5 107 500 575.21 90489
2708 8 27 314 200 1249.84 55422
637 7 15 437 200 1095.89 81718
2249 16 22 197 204 509.91 75386
3241 5 12 421 404 1032.48 86863
2959 10 11 385 500 1338.32 30740
1049 9 30 121 200 1878.67 79759
2436 19 26 347 201 1600.91 8352
256 2 9 493 204 149.31 63100
2847 14 30 496 200 21.92 11240
2493 13 12 433 500 1295.66 63313
1361 20 3 264 201 354.32 99875
3405 15 5 162 401 195.17 67521
2107 16 11 81 200 942.50 15446
194 18 28 374 200 1520.84 19851
898 13 16 124 200 395.47 6505
3221 10 14 296 200 1928.57 10071
318 14 12 207 403 266.34 73967
3360 13 27 434 200 1938.65 89933
1728 20 20 413 301 1564.62 27098
2723 10 14 138 200 735.23 75767
1333 9 18 276 403 1822.57 14306
1360 15 1 285 200 1091.94 95257
3254 9 7 198 200 1527.08 60079
2597 10 2 89 200 689.07 75071
2578 7 15 245 200 1990.34 12568
2715 14 10 138 201 1800.25 62213
1538 14 28 125 200 97.94 36730
1935 5 6 351 200 1834.49 33902
2851 4 2 489 200 57.99 94782
2484 2 23 350 201 627.53 40823
1308 18 13 48 200 743.46 46777
3263 19 26 307 200 1617.19 61126
2915 15 2 44 200 71.61 24075
1561 10 25 494 200 1602.62 17946
2881 4 18 82 403 1785.49 60141
3357 5 1 480 204 343.92 19412
2939 8 27 384 302 373.80 24640
2556 1 28 328 200 422.81 25749
1942 3 14 456 503 404.61 99623
1035 15 26 91 201 432.49 65761
2883 2 30 294 503 416.31 21442
2551 10 3 351 204 597.96 74399
2362 15 11 164 200 243.85 44319
2498 20 11 495 201 1167.10 10833
2635 2 2 20 502 1859.76 64922
868 2 6 462 200 123.83 59934
3099 20 17 202 200 898.42 64531
3342 15 7 303 200 1655.39 1868
2103 13 4 341 201 712.37 70062
3209 15 29 414 400 1770.21 93109
827 15 7 191 200 957.71 66943
2036 6 13 266 404 826.12 47250
619 17 26 8 503 1002.98 62375
1186 18 7 354 200 924.91 27460
189 6 28 83 200 1807.51 51478
2351 17 4 183 302 518.49 10647
1482 20 16 186 204 334.81 73714
111 8 5 120 200 1879.48 53593
2017 12 28 251 401 1765.96 39994
1154 13 5 76 200 657.68 63151
1623 11 11 296 200 1186.36 84627
1282 20 5 142 200 1407.23 51889
949 8 4 9 200 824.77 57253
975 3 17 227 200 677.24 57956
2165 1 28 45 401 1335.72 91137
2217 10 26 366 200 4.72 70101
9 9 9 179 200 1105.95 28153
2542 4 30 426 200 210.82 19136
2905 3 18 241 200 1264.15 89058
2352 12 16 41 302 102.71 25519
1208 20 24 380 201 54.18 26033
358 8 21 22 401 1538.50 95898
307 15 20 90 400 1753.21 2858
1080 1 27 286 200 1537.22 37238
963 18 15 349 201 1197.61 45052
3480 10 14 323 200 580.99 88608
643 15 13 28 503 1795.63 8793
117 18 28 412 302 1176.07 98820
3503 20 9 499 200 1397.80 21547
1582 2 28 286 301 994.51 57654
1647 15 17 104 200 1731.73 77097
40 3 27 490 200 1134.64 59361
569 10 28 4 201 1034.61 89625
3050 6 17 259 200 1769.87 88681
3448 5 23 459 201 456.74 59614
2468 2 9 414 503 1660.24 49121
2828 1 26 217 200 585.39 7413
401 12 9 485 200 633.59 46888
2498 18 19 264 200 1315.76 52146
2210 11 1 109 201 1911.33 95424
2531 2 1 500 204 1498.22 45389
544 18 30 296 500 1943.37 66251
2460 3 30 255 200 911.73 36330
2240 6 9 249 404 943.53 59354
1332 7 2 85 200 803.69 47468
2640 6 23 175 302 1574.31 30426
2587 7 18 159 200 1487.77 64229
583 6 1 222 200 623.01 234
33 15 23 186 500 1107.86 31565
640 12 4 475 200 1389.27 49549
1835 11 28 66 404 1322.64 1823
2623 19 19 437 204 221.25 24811
583 9 24 407 200 221.00 65511
2008 6 13 109 201 640.08 85474
15 5 26 364 200 1051.89 67465
3029 15 23 254 403 812.07 88573
2561 2 15 291 200 1529.90 46382
851 12 16 84 200 1064.65 26379
3240 5 29 293 301 610.46 56252
95 13 24 126 400 503.18 52520
2177 1 27 471 200 1457.56 60848
2847 18 6 62 200 1482.62 44846
336 20 8 499 400 1368.59 16708
1636 8 8 407 201 744.17 587
551 17 30 211 200 699.70 54506
964 12 17 251 200 1749.81 40624
1664 7 21 426 200 1935.49 2645
1448 7 29 5 200 946.21 69403
2321 7 13 254 302 1884.88 5707
3082 5 6 383 200 882.57 18559
2155 11 21 473 200 11.40 76045
1880 13 16 479 200 562.06 3675
2128 2 29 182 502 1379.30 30723
3086 1 9 9 204 1017.87 51546
3514 4 17 389 302 1327.76 25898
810 16 24 342 502 1607.25 87567
50 10 22 256 200 548.92 51852
1836 14 23 360 302 50.98 5688
385 14 23 158 401 1822.06 28755
2015 9 7 54 502 1195.21 28125
498 9 24 346 403 1279.60 26206
2683 16 4 447 200 1177.21 23289
3323 14 9 35 301 1561.25 53796
2420 6 30 45 201 819.79 51126
700 8 20 8 302 651.68 4322
209 9 24 494 200 1771.48 72185
852 17 30 141 200 70.12 16690
1546 12 3 427 200 190.23 72075
1856 11 18 304 204 1019.46 19910
1691 6 10 450 201 1566.51 95696
737 10 21 249 302 934.77 39189
2304 3 7 308 200 1425.16 42800
2609 18 7 313 200 206.29 17423
386 3 14 182 201 38.89 94809
3232 6 18 255 200 991.84 69932
2369 16 5 369 201 1520.68 79882
455 14 4 254 404 764.49 48031
871 15 26 474 204 1984.99 50754
1624 17 29 244 201 227.66 76911
1700 3 28 405 200 1069.72 14914
1318 16 27 2 200 617.11 8302
2769 20 10 413 200 450.77 62402
2875 14 9 411 301 377.72 88366
604 12 18 399 200 915.25 84075
1676 14 12 300 404 1612.05 40103
722 2 15 415 302 294.25 37459
169 4 13 478 200 1027.58 35103
2684 14 26 143 200 1124.58 65506
776 13 15 130 403 1796.54 51312
179 8 15 220 200 1954.94 23232
3300 6 27 73 400 1589.47 16954
2493 20 12 329 200 940.33 77811
172 1 15 176 200 1841.20 65458
3299 1 29 465 200 1320.80 29935
1448 1 5 497 200 229.00 96471
2602 14 8 394 200 1015.99 61614
1413 8 5 448 200 853.58 92700
3520 17 11 282 201 952.91 52608
3123 20 26 473 400 955.14 79014
2733 4 11 7 301 1204.33 97518
2552 10 22 313 200 1530.18 94832
2469 15 8 211 502 427.11 222
1494 8 6 413 400 1010.10 41593
2740 14 10 229 200 50.54 66150
187 8 6 484 200 718.04 73464
3181 12 14 145 204 1836.03 55743
3115 6 2 411 200 1434.77 19539
1862 15 1 346 200 503.87 7366
1774 11 24 241 200 553.42 74927
2591 11 17 395 200 1037.96 69306
2666 7 3 369 200 1680.36 26285
3349 13 26 311 200 644.01 93659
1906 18 15 182 302 1297.17 75812
1788 2 29 4 200 703.29 93420
2725 8 11 323 404 1801.99 16729
1046 6 20 381 200 1290.35 92872
3393 3 25 71 200 1556.60 7902
3054 13 13 474 302 937.74 39840
751 11 29 337 204 768.40 39816
1668 14 26 182 301 108.78 42242
1934 12 5 474 400 1313.33 44646
2685 16 29 233 401 394.86 41185
2080 9 6 313 200 518.34 5919
2480 10 10 421 200 1132.55 99051
522 15 2 456 500 18.22 92666
1241 12 3 25 502 246.96 26612
2072 15 15 102 204 796.32 3322
2335 7 27 346 400 626.15 21367
3127 4 3 74 200 1064.91 22130
3385 12 29 434 204 1266.53 14083
1431 6 25 418 200 1912.66 76414
1372 13 16 434 400 28.35 61418
2302 16 5 357 200 244.32 42527
860 8 15 6 400 1416.71 61501
273 17 17 55 204 1556.40 35044
909 18 22 136 200 1136.41 99001
1054 5 9 350 200 690.29 81125
998 6 20 334 401 61.49 31841
2392 19 10 80 403 1019.71 1551
532 7 2 318 200 214.61 83125
219 20 25 173 201 1951.60 89996
2222 1 10 283 200 1115.85 72056
3534 3 30 166 200 884.14 6025
2272 4 28 184 301 556.75 79206
230 5 10 196 502 679.00 91978
3111 13 28 11 201 1269.46 99921
1147 6 23 467 401 1033.02 45743
2889 4 24 86 200 1042.05 22577
999 11 25 426 301 1873.34 12590
2639 9 13 166 404 885.34 73148
1084 5 17 134 302 581.26 90057
2204 3 10 265 201 204.99 82803
1792 9 30 192 200 423.56 66489
930 3 5 466 200 1507.55 38064
2959 1 29 253 201 1213.37 68677
421 19 7 246 200 1264.84 18497
2974 13 19 350 404 755.88 59626
1980 12 8 67 503 1559.38 48550
571 16 23 62 201 1988.27 29395
1692 7 23 264 200 1963.82 64788
893 1 11 157 500 30.52 57984
923 3 27 401 404 364.98 39641
3560 14 10 169 400 1398.04 12466
3440 15 7 385 200 279.02 28742
174 13 20 305 201 941.84 81978
64 5 4 60 404 1278.91 62201
496 10 2 491 200 1221.98 23305
2238 19 21 70 200 1592.28 57161
2187 9 2 418 200 427.97 17091
3242 10 24 488 204 1674.50 15636
2498 1 20 226 200 1462.73 41324
720 13 19 132 502 765.90 86765
245 20 3 484 200 1016.12 72311
1758 20 3 227 200 1017.72 81304
1636 3 4 52 200 1717.13 79003
925 11 12 452 201 1671.04 98615
3057 13 30 19 200 320.71 8242
1307 16 8 220 204 1582.70 13288
1091 19 23 133 200 653.34 5784
893 11 5 464 201 1454.54 49741
126 18 6 282 401 999.13 45926
1623 2 30 378 201 1125.15 12982
1277 5 9 26 301 10.95 30366
5 20 5 180 500 912.28 59688
1582 1 30 24 200 1394.09 59462
3273 6 28 90 200 1657.82 85809
3167 11 8 220 200 790.25 60145
1691 1 24 18 404 410.62 97188
3399 2 4 227 301 173.78 16269
1143 12 14 351 200 1710.74 86071
2957 4 25 351 201 1257.52 21618
827 1 7 54 200 864.45 31697
2089 10 15 178 200 1316.52 26809
3506 9 22 6 201 1449.71 68000
473 4 13 116 403 645.85 96789
646 6 4 279 500 437.73 95178
3399 7 19 391 200 617.40 6505
2134 12 7 478 502 500.84 57669
1532 10 26 313 201 1021.70 80109
1194 16 4 352 201 1178.92 632
2347 5 10 341 200 1409.07 94596
1647 14 23 106 301 1232.98 15831
2189 9 20 70 301 1891.68 84062
2965 4 17 37 200 1758.78 6591
262 6 7 297 403 91.34 7679
1193 3 18 220 200 1626.37 22367
970 13 6 87 200 1108.01 78639
1226 7 2 346 201 1054.63 58646
725 6 2 478 200 609.52 14706
3131 12 22 364 503 1432.76 66280
3053 3 5 258 201 178.57 69757
2867 18 28 90 200 850.59 5468
2887 6 1 165 204 489.53 40179
628 10 1 243 404 1227.67 53201
2149 12 2 435 200 1492.76 10550
475 14 12 11 200 1876.43 59477
8 14 8 151 204 750.01 62928
459 3 27 315 201 1963.18 13034
1661 10 2 237 500 620.70 96900
2232 18 15 230 301 594.08 36477
2302 1 24 134 301 1812.54 73483
1500 4 12 21 201 1315.08 93691
306 2 26 211 200 1547.00 50239
354 4 16 76 404 72.14 7361
3305 12 21 389 200 314.97 64391
1891 8 25 435 301 229.72 52291
1630 11 15 194 200 253.60 1246
1265 3 16 27 200 69.13 29070
445 18 28 491 201 1748.10 53672
1350 8 24 335 404 314.58 84711
1999 18 29 93 401 1853.56 21419
1916 17 6 388 200 542.03 44668
2131 10 16 113 200 1346.53 55139
26 12 9 332 400 1115.35 46301
170 10 21 18 204 503.17 75574
2659 7 9 491 302 1314.01 32055
3302 7 3 356 201 47.48 47531
3394 5 29 351 301 487.38 75085
62 9 21 91 503 436.84 79471
2037 5 10 274 200 233.12 91892
406 1 11 460 302 1383.25 14931
2538 5 11 359 200 530.43 20417
1844 15 27 345 200 1505.24 52579
696 7 14 419 200 1529.51 69912
1055 11 26 330 502 1341.58 74866
2298 15 6 86 200 1744.39 56635
2496 2 27 324 404 140.09 89920
3406 12 21 224 201 964.83 67017
2965 15 13 253 200 239.31 39666
2770 14 22 224 302 947.31 15103
1239 8 3 129 200 1964.12 59993
1003 7 18 325 200 1182.35 48762
1623 1 1 116 400 747.19 36401
1036 11 28 247 201 1514.45 18181
622 3 8 250 200 1593.90 86453
1199 11 28 460 200 325.86 78190
2813 7 26 128 301 1082.72 23778
470 7 28 42 401 1984.28 47835
2884 13 26 179 500 655.50 19600
2796 4 3 127 400 128.32 54518
2249 20 29 178 200 1126.93 71302
533 11 19 434 200 61.56 87702
2522 7 7 408 200 63.51 79456
1591 20 18 99 200 726.64 3885
259 3 21 311 200 1561.17 1890
19 6 14 191 200 1348.99 9568
1748 17 18 291 301 430.79 89327
642 17 26 78 200 1122.20 40744
2647 19 19 28 301 571.96 82549
704 18 5 95 200 209.08 60841
190 15 4 166 200 118.72 371
3416 4 27 275 200 112.21 77663
3413 12 4 98 200 718.03 92717
2297 5 11 311 200 431.53 93219
2132 4 29 192 200 831.27 50031
1511 20 26 117 502 223.71 2723
3237 16 1 484 400 678.57 20691
2529 7 11 452 200 1578.09 43880
710 10 12 26 200 1893.20 13486
2021 4 4 59 200 494.40 93731
2058 9 21 476 302 371.58 90741
650 17 9 237 200 1782.27 19162
688 11 14 325 201 1675.51 17797
2970 3 22 48 302 749.42 37343
2759 2 8 454 301 991.88 38854
804 16 24 277 200 763.79 45774
983 10 1 81 200 840.79 36547
1308 8 2 261 200 1855.36 56143
952 13 27 302 200 1889.14 68477
2195 17 15 93 503 1649.04 7356
1718 6 25 95 404 1884.24 47830
665 1 6 186 200 310.54 39352
2138 4 10 336 200 792.84 30575
1295 3 2 411 200 1292.98 37675
2445 5 15 397 201 1409.45 3462
135 19 22 430 301 1314.62 64244
320 6 20 309 200 413.95 9925
1156 19 13 451 502 381.30 62681
1169 6 4 445 200 317.69 29150
196 17 3 394 200 1060.55 7211
2393 14 2 63 302 924.83 83449
1429 15 23 449 302 1800.99 80839
2771 10 8 222 200 1839.10 40149
1916 6 15 73 200 1402.50 61699
133 16 30 357 400 712.48 15752
2318 2 3 478 204 1365.74 30250
1153 15 16 38 200 1093.21 59554
2004 2 28 248 400 1062.49 86967
2891 1 15 371 200 758.66 10301
489 2 12 260 200 1012.88 82996
2639 5 4 132 301 1281.11 77224
911 7 27 9 503 67.04 18393
1872 1 29 128 401 1298.41 66279
2856 18 8 149 200 1639.58 90934
917 11 17 262 200 1802.97 34708
2265 6 15 135 301 1072.38 98383
57 2 17 35 200 551.95 39915
1069 14 20 484 200 1142.37 88363
3321 2 30 104 204 1759.81 70965
294 3 12 404 404 23.16 92344
1921 8 24 405 404 1341.80 18253
2247 1 3 85 200 811.32 86599
1225 8 4 247 200 878.78 32969
2049 4 21 323 200 308.74 3320
630 2 28 65 201 1010.09 36667
3357 2 13 380 401 498.25 58391
763 20 10 42 200 1372.22 87396
3086 8 28 106 204 1128.26 22135
2805 16 2 352 301 1536.90 13335
1418 5 20 182 200 1067.74 88448
3338 1 12 360 401 1971.79 65129
67 15 20 373 200 1596.80 89447
1546 18 10 387 301 963.24 75320
207 12 14 167 400 1917.04 35301
2661 16 15 218 500 615.24 80488
241 10 29 192 200 1856.04 44527
334 13 18 275 200 509.16 13607
1453 11 28 1 302 260.62 30289
3541 12 24 75 301 816.75 69974
3178 16 18 225 503 354.40 38275
2518 6 4 472 500 1131.91 389
1873 16 19 210 200 1793.61 58761
1393 5 18 196 200 1641.02 70521
785 1 2 445 201 1590.15 24359
1474 9 13 147 400 16.83 86151
1081 5 24 469 201 393.02 26487
456 9 18 83 204 1681.62 20307
1916 14 22 407 200 1954.21 46827
2591 20 1 360 200 1138.06 36656
744 4 26 378 503 1739.73 43187
2139 5 4 352 200 533.29 98618
2699 7 10 442 503 369.17 64070
620 13 30 41 200 1692.08 85089
1176 16 14 202 401 1218.40 36757
3195 20 23 401 200 273.66 6449
1089 8 27 22 201 1585.57 76334
1136 19 5 419 301 137.21 4828
1001 10 11 72 200 1447.56 91993
758 4 29 305 400 1447.62 917
743 10 21 319 200 262.86 13651
827 10 14 186 200 218.86 88439
3042 7 20 383 400 1766.53 42835
281 11 19 286 200 718.74 27777
1786 20 24 236 201 758.56 35530
1070 6 2 279 200 1661.56 10503
3058 8 9 271 200 1605.80 66581
2780 9 12 240 200 937.97 7683
123 9 28 167 201 1956.28 17296
1694 2 13 436 403 755.35 90546
1235 1 8 156 200 1546.00 35321
1260 6 2 202 200 306.11 86950
1037 12 24 307 404 279.67 32182
1912 6 6 145 400 1345.64 94690
3288 12 19 64 404 1582.31 91777
915 10 27 101 200 157.09 31183
1478 1 16 277 503 1591.45 73648
1506 4 14 424 200 953.01 1265
857 19 1 72 400 165.77 58568
1577 2 15 67 401 56.83 79332
553 3 19 178 204 1752.25 52707
3346 6 9 273 200 160.50 2655
419 17 3 428 200 421.66 698
728 1 4 387 502 1523.31 75067
975 5 26 99 302 1714.67 71781
36 20 9 68 302 1998.99 26619
3525 2 27 110 200 1993.62 29998
1119 19 29 317 502 1923.18 27335
834 6 11 218 200 1913.45 3385
80 10 11 50 200 249.84 62709
2274 8 25 99 301 243.85 60082
794 3 13 25 301 763.11 34527
1128 3 3 67 201 96.27 24548
3389 4 9 131 200 1624.91 39996
2278 14 15 348 204 1205.53 53159
900 19 10 218 200 1437.52 82110
1971 13 12 404 204 505.89 88270
2140 2 29 313 400 1512.60 51759
3024 16 26 215 200 500.71 58674
2229 7 11 381 200 902.31 68006
1735 20 6 450 403 1406.34 68974
104 16 13 254 404 1371.60 21384
2356 10 7 80 200 96.07 82965
3587 5 28 181 200 430.01 97963
397 9 15 459 200 617.00 19235
713 17 30 320 200 540.18 88904
2387 7 29 204 200 1599.66 86619
674 4 28 205 200 1549.37 17249
2983 11 28 29 200 1321.47 50458
2418 12 28 413 200 283.35 84273
3170 3 25 180 400 367.97 67374
2349 7 24 124 201 580.42 66376
787 15 2 178 401 872.32 11350
592 11 30 231 302 1408.70 20671
1156 13 5 209 200 1000.80 90350
1065 6 30 315 200 1432.01 15870
960 15 10 253 400 781.20 8317
2167 2 20 54 400 151.36 21259
819 10 7 409 200 855.79 56058
1798 1 1 81 200 1837.09 5209
719 19 2 75 201 1229.89 39548
1913 15 13 296 201 1001.21 42714
2117 19 18 343 200 326.31 44823
22 10 1 329 400 419.70 58274
642 16 1 12 404 755.07 68780
1998 11 25 251 302 275.34 84326
2838 13 21 139 200 1314.00 50575
975 20 2 308 200 1736.70 93018
2947 15 4 339 200 1603.77 96716
225 9 13 401 200 1917.13 58493
1478 11 9 70 201 1579.43 52112
2396 19 16 448 204 1792.51 15705
1352 1 16 234 404 1559.80 10882
2449 14 15 328 200 1821.96 5836
2650 14 5 475 200 982.19 20171
2640 14 27 93 201 1135.35 59676
2548 14 19 135 404 1985.96 67383
2124 3 12 375 404 1480.19 70511
28 16 23 398 301 701.66 1026
1123 18 10 286 200 854.26 80919
817 20 17 347 200 1227.02 43687
1407 9 16 296 200 1416.97 59528
1900 18 7 432 404 1658.60 41667
1761 18 1 149 200 599.52 65153
347 20 10 345 200 116.67 7194
2427 15 2 475 404 64.54 3408
2038 2 8 362 200 396.93 55803
2274 7 2 327 201 1400.41 59667
693 10 8 180 200 656.87 14147
2701 19 24 305 200 1388.55 16914
1005 1 1 411 200 985.76 29421
2021 3 27 193 204 1153.79 66810
1136 1 16 477 301 1365.07 28136
1028 8 7 340 200 662.24 26515
2650 12 18 360 503 1715.00 24763
2412 13 7 431 400 1312.98 83784
2612 2 25 264 403 394.80 46781
2735 18 26 251 201 647.75 52952
1589 10 16 14 404 313.98 66812
3525 18 28 89 200 789.87 29084
1253 11 11 114 201 721.04 10239
380 18 1 461 204 897.47 93240
2969 8 9 389 200 1126.14 63882
3337 8 16 12 200 1697.85 32010
2881 12 22 297 200 1604.20 69126
2599 10 3 475 200 104.70 48039
2942 16 6 458 200 1493.77 70147
2153 7 21 26 400 414.03 56360
3069 15 29 172 200 428.32 52732
2873 17 18 226 200 750.85 1267
3018 17 26 385 200 415.94 1439
3284 5 1 328 200 428.71 75711
2008 4 28 262 403 1048.56 78831
813 15 2 320 503 589.49 29731
1610 13 9 68 404 919.86 88748
2306 19 1 385 301 1583.73 11707
2798 2 8 378 204 354.50 24482
2707 13 3 398 503 4.59 54819
964 13 3 245 200 1739.63 53633
2656 2 10 91 200 1373.20 45923
2697 10 14 288 302 1092.37 42056
1550 1 17 385 200 1453.03 16967
1549 4 6 303 400 1548.92 89579
1839 15 10 358 200 1030.74 95191
10 16 20 107 200 1961.48 39584
986 13 21 176 201 1722.47 62242
1392 19 17 308 201 357.35 2191
2405 16 30 470 200 359.08 74931
2287 6 10 186 201 45.26 75106
543 5 18 281 200 1005.46 85495
353 11 2 66 200 1092.83 76039
1906 12 12 312 200 135.19 92673
1978 9 4 172 301 1586.05 99652
2229 1 7 261 404 1366.01 13068
2240 7 23 174 201 388.72 34220
2021 11 4 195 200 225.76 18685
21 6 22 193 400 1954.36 87356
324 16 22 29 201 624.02 71524
92 15 14 95 200 1651.19 42681
1578 10 2 97 200 47.68 94228
250 19 28 269 204 1226.32 61240
2888 8 22 147 404 1368.07 51671
1217 19 16 330 404 825.30 67712
227 8 11 192 401 442.72 23694
3117 6 3 9 401 1601.77 57109
930 8 15 133 400 354.25 5526
2269 19 2 178 200 889.65 73784
3296 13 22 228 301 1719.05 68612
818 17 16 17 200 561.89 28918
167 13 12 131 200 1407.74 73345
1732 20 17 354 200 1970.43 14304
3183 5 30 111 200 1673.53 82932
2087 10 5 262 404 1228.07 74990
719 13 28 148 200 702.99 99677
3292 16 1 252 201 581.25 11819
995 16 11 201 204 1518.80 42174
295 12 22 373 404 580.68 46734
2493 17 21 456 200 338.32 71292
913 9 11 413 403 1408.79 12655
3034 20 10 227 201 1508.26 3494
1918 16 26 324 200 1227.94 25236
3091 19 30 290 200 860.75 51400
1675 5 14 420 404 508.46 61841
901 16 18 327 201 1962.78 72331
3121 8 13 179 200 462.52 86324
1747 13 18 413 301 1699.19 61409
3028 8 3 343 200 1875.76 75645
3053 2 6 228 200 575.09 80969
3276 14 4 239 503 493.65 48154
3531 4 4 487 200 238.97 62182
3401 4 8 238 201 1716.17 30567
63 4 11 145 500 1201.29 52391
3065 12 4 258 401 1018.01 3798
3195 10 7 7 200 56.44 4534
1134 15 11 269 200 124.76 21071
3330 14 30 478 200 688.33 45858
572 2 24 305 201 374.34 89340
2535 18 17 322 400 1698.36 1401
2144 8 21 174 404 566.27 97250
2895 12 29 304 200 1222.05 11203
926 19 2 297 200 1931.76 53017
2610 8 17 40 403 1848.92 45150
3321 3 6 244 401 116.84 71834
1689 16 18 56 500 1252.79 37673
1275 19 19 282 200 284.39 23648
410 2 12 76 200 837.91 82354
2606 17 11 238 200 372.49 55989
548 19 1 71 200 1403.19 71974
1695 6 26 51 204 833.98 92896
1577 19 10 131 400 858.40 14951
1652 13 12 437 301 350.86 62291
2979 4 9 358 200 778.47 35914
2928 13 25 479 200 1596.99 22870
2431 7 18 130 204 1150.18 19281
105 17 6 389 200 650.91 7478
1943 11 13 127 200 1828.59 82347
3483 9 18 260 200 1168.30 56555
2114 19 2 164 200 837.95 17828
687 20 7 135 200 553.68 56764
1595 5 7 354 200 1279.11 58509
2314 13 28 261 200 535.34 75821
3064 15 9 63 301 312.95 14535
2236 11 9 173 200 1762.26 65823
1808 17 5 158 200 1487.51 54591
3008 15 13 355 200 1698.19 40519
1765 9 2 38 201 1872.26 24781
133 8 10 87 404 1284.30 14019
2663 1 1 131 200 419.35 22453
3093 6 24 11 200 300.65 60788
77 11 15 398 400 1395.84 39642
1912 10 24 168 200 441.19 20855
3217 2 16 427 200 1669.60 95373
2236 3 30 260 302 849.26 67322
3191 6 30 112 400 1557.48 87139
2626 19 3 466 200 831.68 92911
1417 15 7 75 500 1414.10 82342
1111 6 20 449 201 381.97 31171
2692 1 3 271 200 1043.88 21135
20 12 30 490 200 866.46 12816
3044 5 29 136 200 1330.54 68779
2453 1 21 371 201 761.47 65152
3243 3 17 61 200 384.82 71096
2693 17 9 381 200 1681.12 59585
1566 10 15 148 200 1968.17 40082
365 9 30 275 200 354.66 97689
2541 3 7 2 403 276.51 94992
1378 13 11 383 200 115.90 87278
1223 11 23 487 200 367.19 11509
511 1 14 487 200 1018.16 40286
2092 1 11 226 204 1590.52 57527
1626 10 12 462 201 411.04 9893
160 1 2 105 403 435.39 38411
1781 5 3 195 400 123.79 20347
1392 14 17 48 200 374.88 87065
126 5 17 336 200 241.68 13421
726 19 29 244 502 796.77 84822
523 10 17 128 503 216.35 24264
1468 12 17 84 200 528.63 73770
2074 16 12 92 201 1941.52 79933
1814 14 26 275 200 1689.34 39451
2616 14 2 297 200 171.08 9576
1434 11 9 217 200 605.51 95262
1449 14 9 226 302 1078.69 93811
3212 4 30 162 200 436.11 22748
2958 11 2 348 200 1359.60 28068
432 1 17 316 403 904.36 7841
344 15 25 379 404 175.15 47783
2162 8 9 467 500 1646.20 17214
2000 14 21 66 502 501.83 31658
2588 3 7 187 204 980.63 5074
2655 6 28 320 200 868.15 58256
720 20 23 405 401 1920.11 90397
3417 7 29 382 204 350.83 48060
1377 7 4 346 201 1768.85 27714
2728 18 15 55 200 1745.25 3760
495 8 4 85 404 1168.20 59520
2502 4 7 314 200 1427.44 88029
701 8 26 214 404 629.05 58528
3537 8 9 155 200 1098.95 32176
1607 8 14 212 200 1949.91 84238
1191 18 7 1 400 1645.38 89385
442 16 26 175 204 259.32 27772
915 5 8 189 200 1383.54 37116
817 6 10 2 200 1932.35 37850
1114 11 18 217 200 1811.11 96149
2580 13 3 258 302 108.04 68197
21 16 3 396 201 139.37 72314
2901 11 19 16 400 582.79 69435
132 19 22 290 200 659.52 27585
2589 15 3 336 200 27.38 52265
3346 7 18 383 204 543.12 38579
3114 7 2 83 204 1587.22 77122
1011 13 24 446 302 1845.70 50856
864 5 16 261 204 494.24 51554
3156 15 9 400 200 1212.68 22976
756 19 10 236 200 1060.82 83294
2410 2 29 99 500 467.64 97620
419 5 10 217 502 1811.80 24480
1104 12 12 103 200 886.44 79815
2486 20 29 242 200 461.67 53583
2198 7 15 254 200 1430.05 68553
3326 14 20 39 200 872.29 37641
2040 8 12 268 200 434.06 29038
724 18 29 365 500 1250.17 20373
1162 13 21 171 204 879.75 87481
1807 8 2 40 200 1263.41 36675
2454 5 26 318 400 1446.36 58828
1466 5 7 296 201 1726.86 52683
1335 15 22 193 200 1343.72 84897
1135 17 13 152 404 728.90 88144
3557 3 24 441 404 5.57 47503
2090 1 18 404 200 52.44 374
3359 7 11 371 200 752.17 494
1165 1 18 351 200 1968.39 75316
3366 19 28 157 200 1752.32 82675
3408 9 7 148 200 283.39 37033
904 14 18 107 200 464.43 38073
39 10 23 381 200 1780.08 89489
1620 16 2 49 200 1407.85 92802
2880 17 19 465 500 386.55 95793
3086 4 24 112 404 1621.20 3537
1462 18 18 38 401 1482.04 12143
