400
9 1 2 13 14 19 32 55 46 33
8 0 5 6 7 8 10 15 31
6 0 3 4 48 4 51
4 2 49 48 15
5 2 2 38 17 38
7 1 41 54 54 31 36 46
8 1 12 16 21 40 43 24 32
8 1 17 26 52 55 43 21 23
5 1 9 29 15 32
6 8 11 37 16 40 23
8 1 33 23 40 15 50 29 48
2 9 48
3 6 45 38
6 0 25 38 42 36 20
7 0 27 42 55 43 52 23
5 1 10 8 3 56
7 6 18 47 9 34 35 32
9 7 20 24 36 29 44 40 4 48
5 16 28 56 49 27
3 0 53 51
6 17 22 53 25 13 38
4 6 35 39 7
5 20 23 44 45 23
7 22 36 10 22 14 9 7
6 17 42 53 6 29 38
5 13 30 20 56 37
1 7
6 14 31 34 57 43 18
1 18
7 8 50 17 24 41 33 10
1 25
4 27 41 5 1
5 0 8 16 6 40
3 10 29 0
6 27 51 46 16 56 49
5 21 55 44 47 16
4 17 23 13 5
3 9 47 25
7 13 46 4 4 24 12 20
2 21 40
8 6 39 53 10 17 9 55 32
5 5 43 31 29 49
3 24 14 13
6 6 41 14 27 46 7
3 22 17 35
3 22 12 56
7 38 49 34 43 0 56 5
3 16 35 37
5 2 3 17 11 10
5 46 18 3 41 34
2 29 10
3 34 2 19
2 7 14
6 24 57 40 20 19 56
2 5 5
6 35 56 14 7 0 40
8 18 55 45 25 34 46 53 15
2 53 27
8 59 60 86 91 111 82 87 100
3 58 62 63
6 58 61 66 84 96 96
13 60 65 71 81 93 104 83 64 83 71 92 95 68
11 59 67 92 95 98 86 96 101 106 64 114
5 59 64 106 90 97
8 63 70 74 100 99 73 61 62
5 61 82 83 89 83
7 60 68 72 106 86 100 80
4 62 69 75 89
6 66 85 84 82 61 86
4 67 77 85 112
6 64 73 76 84 92 76
6 61 104 113 61 74 92
5 66 78 80 90 94
10 70 100 111 64 113 112 113 95 78 114
6 64 79 108 71 83 90
4 67 88 101 87
5 70 87 85 70 81
4 69 99 103 100
5 72 105 91 73 87
3 74 97 104
3 72 85 66
2 61 76
3 65 68 58
5 65 61 61 65 74
5 60 70 85 68 100
5 68 80 84 69 76
4 58 66 62 68
6 76 113 75 108 78 58
5 75 110 113 89 90
4 65 103 88 67
5 72 99 88 63 74
4 58 112 78 99
7 62 105 70 99 61 71 111
4 61 112 108 110
6 72 108 109 114 95 97
5 62 105 61 73 94
3 60 62 60
4 79 63 94 109
1 62
6 90 101 64 92 77 91
9 73 102 64 103 84 103 66 58 77
3 75 99 62
2 100 104
4 89 100 100 77
5 71 107 61 79 102
3 92 95 78
3 66 63 62
1 104
5 94 112 74 87 93
5 94 114 113 113 97
2 88 93
3 73 58 92
5 108 93 73 91 69
7 88 87 109 73 109 71 73
4 109 94 62 73
8 116 117 119 120 141 150 142 134
7 115 118 135 140 126 129 136
9 115 123 136 155 162 165 170 121 160
3 116 127 130
8 115 122 124 125 144 152 164 142
5 115 121 129 133 136
4 120 171 139 117
5 119 151 171 147 161
7 117 131 134 139 146 161 127
5 119 126 153 159 130
6 119 142 147 170 132 157
6 124 128 166 116 131 162
6 118 129 157 131 138 123
5 126 138 167 133 147
4 120 127 170 116
5 118 133 169 124 166
5 123 132 126 152 127
4 131 125 170 137
4 130 150 128 120
7 123 163 137 147 157 140 115
7 116 137 145 165 154 141 156
6 117 162 140 116 157 120
6 135 166 164 134 132 161
4 128 156 164 127
5 123 143 121 151 158
5 116 136 158 159 134
6 115 170 171 165 135 157
8 125 149 160 153 153 115 119 165
4 139 148 144 158
3 119 167 143
3 135 169 165
1 123
6 125 156 122 134 128 157
2 143 166
4 142 154 168 158
5 115 158 171 133 168
3 122 139 154
4 119 157 131 153
4 124 142 142 152
5 149 162 135 151 155
2 117 154
3 138 147 135
11 152 170 166 127 162 136 169 134 141 125 147
6 150 168 140 149 139 143
3 124 165 140
2 142 117
4 123 137 162 122
8 117 154 136 170 161 157 126 165
2 134 167
3 138 137 119
8 117 141 159 167 135 142 145 162
5 137 126 157 130 148
4 128 144 165 163
3 158 149 150
3 130 145 157
7 157 141 125 162 117 129 132
4 121 150 141 122
6 173 175 178 179 196 194
13 172 174 176 177 183 216 196 197 214 219 187 211 191
2 173 220
7 172 180 199 205 198 183 206
6 173 193 200 198 213 209
5 173 203 206 213 202
4 172 185 188 209
8 172 181 184 192 202 207 214 217
6 175 209 181 201 199 202
6 179 182 187 180 216 187
6 181 186 221 225 195 191
2 173 175
5 179 189 191 225 217
6 178 201 217 225 192 208
5 182 196 203 189 194
9 181 190 206 227 189 189 173 181 212
5 178 225 196 225 221
6 184 212 187 187 186 220
2 187 217
4 184 220 182 173
6 179 194 214 193 185 201
5 176 192 198 214 220
4 192 195 172 186
2 194 182
12 172 197 198 200 186 198 202 226 173 188 228 197
4 196 218 173 196
7 196 176 193 175 196 225 225
4 175 218 203 180
5 196 215 220 224 176
9 185 204 208 210 206 180 227 192 216
5 179 223 196 177 180
4 177 212 186 199
2 201 217
3 175 211 221
7 187 177 201 219 219 211 175
3 179 212 219
5 201 220 209 185 215
5 180 221 208 178 176
4 201 213 223 219
4 205 216 206 173
4 207 189 203 187
4 210 177 176 221
4 192 193 173 179
3 200 223 208
5 211 181 173 201 225
5 204 190 185 179 184
2 199 197
6 207 222 206 206 173 210
7 200 226 208 191 193 189 174
6 182 205 209 213 188 224
1 219
3 202 210 215
2 200 221
9 188 228 185 198 182 198 188 184 216
3 220 228 196
2 187 201
3 225 226 196
8 230 233 235 243 262 248 265 239
5 229 231 239 277 234
4 230 232 236 232
6 231 247 231 245 272 268
6 229 234 253 254 260 264
9 233 238 242 255 267 241 230 244 239
5 229 237 247 284 276
5 231 275 276 281 264
5 235 240 259 246 273
2 234 280
4 230 241 234 229
7 237 249 280 273 252 250 244
5 239 234 249 242 282
9 234 244 245 248 254 282 241 277 269
6 229 251 247 245 247 268
9 242 246 266 270 275 273 248 234 240
6 242 257 285 243 232 271
8 244 264 268 250 264 248 275 237
7 232 243 235 243 264 259 259
8 242 260 244 246 229 265 257 256
6 240 250 258 265 279 241
5 249 276 246 251 240
5 243 252 283 256 250
4 251 256 259 240
3 233 275 257
3 242 273 233
4 234 260 277 257
4 252 263 251 248
7 245 269 279 259 253 248 255
4 249 262 271 273
9 237 261 270 252 276 247 257 284 247
7 248 278 281 255 274 277 233
1 259
5 258 229 264 267 278
3 256 277 274
8 246 246 277 262 276 247 236 233
6 249 272 229 269 248 268
4 244 271 277 284
5 234 285 262 279 273
5 246 273 243 265 232
4 257 284 265 242
2 244 259
4 258 274 266 245
2 265 232
8 268 285 244 254 258 240 237 267
3 271 260 263
4 253 244 236 246
5 250 264 236 259 235
7 230 264 263 266 260 255 242
2 260 262
3 249 257 267
3 240 284 238
2 260 236
2 242 241
1 251
5 280 269 235 259 266
3 245 267 273
6 287 288 292 338 321 304
7 286 289 300 307 332 338 326
7 286 290 306 327 322 321 306
7 287 291 294 298 315 312 334
5 288 295 303 305 341
8 289 293 308 325 333 317 315 300
3 286 299 340
6 291 302 306 317 339 315
5 289 301 304 321 342
7 290 296 309 313 317 310 314
4 295 297 307 305
3 296 334 303
4 289 319 324 341
2 292 303
6 287 314 316 334 291 340
4 294 331 316 330
3 293 331 306
8 290 320 342 297 299 312 335 338
6 294 312 317 314 331 286
5 290 310 318 296 332
7 288 329 328 302 293 315 288
5 287 312 296 312 308
4 291 317 316 307
3 295 311 325
5 305 295 320 322 328
4 309 319 328 335
8 304 307 330 289 321 303 307 335
3 295 328 323
6 300 324 327 326 304 295
6 289 291 320 293 321 306
7 300 319 308 339 301 320 333
8 308 323 291 304 334 293 295 341
6 305 321 341 331 333 336
3 311 316 298
5 303 322 315 316 310
7 318 288 294 286 312 315 334
4 320 336 288 310
5 317 337 313 339 328
5 314 326 330 337 298
2 291 309
4 324 338 314 287
3 288 314 339
6 313 306 311 341 323 310
3 306 335 340
4 324 312 342 301
5 302 301 304 318 337
2 287 305
3 291 318 316
7 300 339 297 338 317 289 321
4 329 311 303 312
4 322 340 318 338
3 323 324 331
7 287 341 326 334 286 303 336
5 334 293 327 316 323
4 329 292 336 300
6 338 318 328 290 317 298
3 303 330 294
6 344 346 356 385 379 359
7 343 345 347 351 353 393 361
9 344 350 358 361 369 379 394 384 371
3 343 397 381
7 344 348 349 360 380 371 352
5 347 384 382 361 366
6 347 386 388 358 383 366
5 345 352 355 372 377
6 344 354 363 383 389 355
4 350 358 380 347
7 344 364 370 390 354 377 359
5 351 357 393 353 369
5 350 367 367 382 351
2 343 359
6 354 383 372 381 383 391
6 345 362 381 352 374 349
8 356 383 372 372 386 353 343 386
4 347 374 368 396
9 345 382 398 386 387 344 396 348 394
6 358 365 392 383 397 393
5 351 368 376 395 390
3 353 372 394
6 362 366 399 380 379 394
7 365 370 380 399 348 372 349
6 355 375 398 355 379 380
4 363 360 397 393
3 345 376 354
6 353 371 373 385 366 387
4 370 389 347 345
7 364 357 359 394 359 350 366
3 370 397 395
4 360 377 358 390
2 367 376
3 363 369 375
5 374 378 353 393 350
2 377 394
5 345 386 367 365 343
5 347 352 365 366 367
3 358 346 357
4 361 348 386 355
8 357 387 359 362 357 351 349 395
2 348 345
4 370 343 396 392
11 349 379 382 361 398 359 396 398 389 390 359
4 383 391 370 361
1 349
4 371 391 351 386
6 353 392 374 363 398 386
3 387 389 357
4 362 390 394 385
6 344 396 354 362 377 368
7 345 372 392 365 361 364 378
3 363 373 383
5 393 385 361 386 360
4 346 362 373 368
5 361 367 386 390 386
2 365 366
