50
4 43 17 0 43
4 2 47 38 2
5 1 42 46 14 1
3 7 49 7
5 45 24 38 17 45
7 6 13 18 35 48 34 6
5 5 24 47 14 5
4 3 24 40 3
3 14 15 14
4 40 16 13 40
7 48 15 43 40 23 10 48
0
3 36 35 36
6 5 41 36 9 42 5
8 26 6 8 43 2 49 32 26
4 10 8 17 10
5 35 9 38 34 35
8 0 24 44 15 40 4 21 0
3 5 40 5
0
5 25 49 45 20 25
3 48 17 48
2 23 23
5 22 39 25 10 22
7 6 38 7 17 4 29 6
4 20 31 23 20
2 14 14
4 37 44 38 37
2 37 37
6 40 34 33 24 41 40
2 30 30
3 25 32 25
3 31 14 31
2 29 29
6 46 29 44 5 16 46
6 16 44 5 47 12 16
3 12 13 12
4 28 47 27 28
6 24 4 16 27 1 24
2 23 23
8 29 9 10 18 7 17 40 29
5 13 43 45 29 13
3 2 13 2
6 0 10 41 14 47 0
5 35 27 34 17 35
4 4 20 41 4
3 34 2 34
6 37 6 35 1 43 37
4 10 21 5 10
4 20 14 3 20
