500
5 314 155 336 266 470
6 194 170 141 144 209 488
2 352 315
6 112 28 92 61 388 482
4 341 37 289 287
2 482 284
2 434 446
6 362 282 135 183 428 369
4 47 165 274 382
5 240 131 223 185 250
7 318 207 283 497 173 356 486
1 151
5 317 379 211 114 23
9 311 339 287 273 128 475 67 58 212
7 172 136 23 199 114 480 498
5 46 493 487 386 47
6 143 463 412 290 149 216
2 64 296
6 277 493 234 427 281 385
6 439 231 146 269 55 484
7 295 333 158 460 304 455 88
6 161 157 177 372 230 379
8 405 141 372 240 130 413 210 68
6 14 112 140 71 12 338
3 440 62 443
7 402 93 498 29 237 50 316
9 369 64 404 433 487 128 79 129 104
5 373 77 96 498 202
4 3 150 180 397
6 485 123 25 80 495 188
5 284 84 317 36 323
6 277 490 206 212 203 245
7 381 325 197 212 115 366 56
5 171 420 281 137 75
7 120 304 184 176 46 240 117
12 424 485 451 332 360 495 205 389 316 141 259 95
6 311 362 181 232 30 263
8 259 295 226 4 436 275 393 227
8 72 240 226 343 57 90 303 80
6 330 390 261 79 365 441
8 202 89 148 167 484 217 463 193
11 435 436 298 276 460 427 338 317 191 306 345
3 329 145 372
9 155 374 452 97 425 342 158 365 145
3 302 227 478
2 185 232
11 15 117 67 386 339 187 34 382 223 314 240
9 269 171 8 194 208 221 324 496 15
3 97 168 160
5 337 183 381 462 59
8 330 429 378 185 222 335 25 406
7 403 447 227 426 288 443 269
9 172 251 356 341 364 377 74 164 230
4 339 395 343 180
6 445 380 453 124 121 250
8 359 296 345 127 179 251 231 19
5 220 89 216 78 32
4 475 38 327 174
14 148 324 342 176 467 244 359 269 217 398 411 349 13 188
6 449 209 261 49 455 165
3 127 287 331
6 369 482 126 3 380 407
6 495 69 210 248 24 233
5 139 274 435 434 239
9 17 140 326 26 402 257 273 65 242
5 318 98 64 220 343
5 415 394 194 304 276
8 202 46 316 102 13 135 370 474
3 135 410 22
5 442 219 62 275 415
8 115 392 321 112 446 74 77 293
5 216 135 114 23 425
4 38 379 423 339
6 445 298 434 367 234 209
5 220 196 439 70 52
7 403 335 101 425 282 120 33
6 228 415 170 331 280 279
5 27 253 225 70 256
10 351 389 309 101 355 83 222 56 426 122
9 283 108 372 496 26 97 110 39 383
9 232 174 279 224 386 29 435 122 38
7 321 459 347 412 403 312 363
5 390 494 439 276 379
5 125 419 499 78 189
6 462 30 131 430 135 405
4 310 218 208 355
2 398 337
3 92 410 325
4 231 282 20 308
9 220 40 56 462 329 326 240 212 135
4 112 375 38 451
4 154 297 390 377
7 486 421 87 3 139 425 142
4 323 25 166 142
2 98 494
4 340 376 254 35
3 357 27 164
9 331 98 295 48 43 141 317 471 79
7 97 248 337 161 65 94 295
4 294 463 151 188
1 343
6 478 131 78 75 196 366
6 251 353 67 429 418 453
1 150
4 351 26 154 342
2 426 289
2 300 320
4 183 309 146 181
9 467 161 328 79 135 493 484 167 249
7 259 174 361 228 442 276 261
7 416 427 192 220 139 79 378
4 227 119 238 151
9 3 23 90 139 70 325 249 229 285
6 331 150 240 170 418 257
5 179 433 14 71 12
8 70 440 316 412 293 430 32 278
5 446 395 147 184 211
6 46 420 301 310 34 256
4 147 196 128 236
7 273 445 111 351 437 196 241
9 384 197 34 454 323 206 75 437 146
7 142 434 301 442 368 154 54
9 157 135 80 292 409 320 158 214 78
7 180 29 353 349 375 294 368
8 321 241 54 242 204 230 156 170
6 271 450 83 243 140 425
6 381 430 486 362 61 296
7 349 60 285 55 491 236 136
8 408 233 13 26 497 250 118 347
6 242 215 191 26 161 370
5 340 391 326 22 235
4 9 84 101 358
2 384 174
4 194 478 496 360
5 368 396 382 326 344
14 173 473 258 309 492 199 68 71 108 122 7 67 84 89
8 14 343 384 410 420 127 281 465
3 420 303 33
3 473 333 156
11 63 482 112 425 212 92 171 144 230 110 226
7 302 64 202 222 23 125 225
7 247 97 326 450 1 22 35
12 174 121 395 332 385 390 442 194 93 92 451 301
2 16 450
6 469 305 398 139 361 1
7 293 197 347 312 189 42 43
8 107 19 313 216 182 120 462 425
7 118 339 116 346 397 495 224
4 167 58 40 277
4 219 283 366 16
7 271 103 28 113 279 222 282
9 382 338 465 99 283 432 11 358 111
4 180 320 371 440
6 456 259 234 462 300 477
9 91 360 332 266 207 432 121 395 104
5 352 43 252 407 0
5 291 138 124 228 179
4 341 122 21 304
11 185 344 20 477 445 341 495 122 43 471 236
6 365 493 189 294 282 307
8 366 382 339 402 203 218 48 294
8 108 21 98 267 321 205 129 475
3 381 304 488
3 457 476 341
6 170 445 96 311 335 52
6 306 436 8 319 309 59
6 93 350 364 494 407 369
7 148 40 382 232 209 108 287
7 210 343 416 48 204 436 396
7 445 180 319 274 335 208 440
8 387 164 1 176 76 113 124 473
4 33 47 139 405
5 14 52 338 389 342
10 445 135 396 423 416 179 10 381 498 372
8 142 225 80 132 109 331 57 478
2 367 428
7 483 58 170 34 373 433 217
2 21 363
4 209 476 477 397
8 372 228 114 173 55 156 328 469
8 314 152 279 123 410 28 169 53
6 220 399 36 408 107 447
2 403 146
6 107 49 294 330 7 191
2 34 116
11 158 45 441 204 449 325 50 398 265 9 187
7 460 346 262 427 220 374 190
3 271 46 185
9 351 392 242 473 29 58 232 99 409
8 343 485 353 145 159 298 338 83
5 378 481 447 227 186
7 332 129 257 390 41 183 488
4 305 286 110 490
2 278 40
12 342 1 244 47 133 66 481 142 230 273 450 236
7 446 317 299 197 257 305 292
7 236 486 74 119 101 118 253
6 120 145 489 32 195 460
4 232 325 467 209
5 14 385 135 215 447
1 339
1 464
7 40 67 404 140 306 452 27
7 345 332 482 441 160 263 31
7 260 185 343 380 124 232 168
7 251 462 268 35 483 161 433
5 120 31 358 442 356
6 10 154 354 363 326 370
7 47 315 250 447 85 169 413
6 178 59 167 73 1 198
6 168 289 62 410 216 22
3 236 12 116
10 453 139 226 233 373 31 32 13 437 89
3 327 292 310
7 232 275 336 279 276 122 270
5 379 129 199 421 340
11 305 357 71 146 424 210 56 384 310 260 16
6 353 398 58 40 338 176
5 85 361 351 258 160
7 301 149 69 293 413 272 299
10 181 308 89 402 309 74 56 186 110 65
3 491 376 47
5 305 140 50 78 150
10 432 299 310 301 248 238 362 9 455 46
6 252 80 460 369 400 147
7 458 174 403 432 77 140 292
12 282 37 38 238 389 345 456 469 212 323 465 139
8 111 51 353 44 496 190 486 37
5 280 76 179 109 156
7 274 405 243 112 296 240 401
9 452 347 139 124 243 21 352 194 52
5 19 454 88 264 55
13 214 258 80 401 198 359 421 36 167 325 45 204 188
6 128 212 282 477 62 466
5 153 18 73 318 329
6 373 362 425 471 470 130
9 196 211 443 127 194 118 393 158 484
6 421 386 350 384 341 25
5 226 223 277 461 111
5 63 470 493 270 442
11 9 38 304 401 113 245 229 89 22 34 46
3 124 356 119
8 129 124 361 188 64 472 406 401
6 337 309 229 330 230 125
3 194 58 299
3 240 356 31
4 336 483 328 248
5 427 141 275 436 396
8 98 62 223 417 342 266 246 310
5 269 367 112 446 108
6 443 208 128 426 9 54
6 205 52 102 364 55 496
4 224 155 321 260
4 355 435 77 196
5 467 381 354 95 382
5 320 265 305 477 335
5 77 276 467 117 497
5 64 191 195 113 470
5 232 135 330 218 308
12 37 467 278 109 153 311 394 304 295 403 35 402
6 204 491 252 306 361 216
4 271 39 59 109
4 386 186 463 303
5 339 323 203 422 36
3 433 231 485
5 408 356 333 255 185
3 154 0 248
4 268 161 397 494
4 267 499 389 205
6 47 249 58 19 51 488
5 311 334 446 239 214
9 125 436 283 150 382 187 472 261 286
3 392 219 360
5 119 373 13 64 194
6 63 229 169 8 486 453
7 214 287 351 247 37 69 470
11 427 383 41 402 82 475 214 256 109 66 333
5 18 31 238 445 148
6 259 426 461 193 417 115
7 409 180 80 456 150 214 76
4 228 299 76 426
6 381 484 18 438 136 33
9 226 390 393 88 7 159 75 150 233
11 271 440 297 79 418 10 391 478 149 151 301
5 30 338 388 432 5
6 127 411 391 329 347 112
4 192 426 271 452
6 275 13 432 4 60 167
4 389 303 51 485
7 400 451 210 336 298 4 105
4 16 449 305 482
5 156 455 312 315 471
6 295 213 122 195 333 225
4 219 145 115 70
7 99 183 123 159 391 300 160
6 20 37 97 292 259 98
7 55 310 376 126 17 229 337
4 339 283 91 376
5 73 459 41 289 189
6 484 223 195 280 244 219
6 106 380 428 489 153 294
8 219 121 223 370 283 117 320 142
3 140 44 494
5 288 137 262 38 347
7 34 240 20 157 162 259 66
11 216 327 192 144 222 404 255 461 195 359 290
5 165 260 347 202 41
2 412 159
6 220 459 367 447 88 258
7 107 220 135 243 410 78 165
9 85 296 223 213 493 466 117 216 248
7 13 36 322 270 347 259 164
7 445 491 145 435 291 81 468
3 146 413 417
5 180 0 484 345 46
4 413 208 2 291
6 115 453 67 35 485 25
7 12 498 195 97 41 30 324
5 10 65 419 234 387
5 414 354 165 169 324
6 255 106 367 152 122 301
8 81 124 424 70 252 336 161 330
3 311 351 453
6 93 331 120 263 30 226
7 58 497 319 436 317 389 47
8 416 32 185 112 198 232 87 329
7 64 421 134 141 207 130 89
8 406 492 305 213 352 430 405 57
4 393 108 246 179
7 468 405 89 42 285 325 234
9 50 343 417 258 39 243 183 398 321
7 97 113 349 323 174 76 60
7 365 142 154 35 203 191 359
7 20 138 265 449 292 420 276
2 270 344
9 436 445 75 388 50 169 164 357 255
7 246 289 214 0 321 436 475
8 49 243 98 392 424 296 443 86
9 151 411 284 172 41 443 217 189 23
10 297 53 13 263 147 160 46 72 405 200
5 471 130 95 481 215
6 4 157 52 237 158 163
8 194 58 442 412 248 43 104 172
9 330 168 189 136 38 100 53 204 65
5 391 158 383 334 134
8 55 203 226 441 439 314 41 492
6 379 186 464 383 147 370
11 431 81 311 145 306 408 230 484 285 128 303
4 429 405 473 369
6 127 331 123 414 58 405
5 467 237 166 471 435
8 188 78 104 322 119 275 218 442
4 155 327 2 230
9 217 390 425 462 123 189 227 102 470
4 319 254 207 394
5 424 253 78 469 85
9 265 52 241 10 245 484 206 490 367
5 96 216 450 335 483
5 474 206 465 131 151
9 55 424 390 232 332 58 305 440 479
5 154 35 446 133 272
6 260 218 242 388 109 144
6 480 235 36 126 7 223
4 364 207 177 81
5 363 251 465 52 166
5 332 159 460 43 39
4 160 149 101 32
8 448 175 249 308 382 320 73 356
6 134 460 123 481 121 456
9 448 26 61 224 7 348 386 443 166
5 301 346 67 129 207
1 152
7 179 481 79 21 42 22 173
6 273 235 27 212 386 176
4 43 422 186 401
2 90 123
7 296 407 221 415 95 382 297
3 52 379 91
6 458 190 484 50 452 110
7 215 346 72 377 12 21 82
6 300 486 54 204 61 441
8 32 49 126 398 281 162 254 173
11 151 271 160 367 134 167 450 376 8 46 254
7 385 276 344 410 346 422 79
7 120 132 136 237 457 216 479
6 383 142 199 474 444 18
9 237 262 80 46 373 15 494 369 486
3 170 390 318
5 454 335 284 361 3
8 288 268 78 226 416 35 324 172
11 82 387 353 282 359 142 490 191 91 485 39
5 344 283 130 285 294
8 448 70 337 398 485 188 498 272
5 328 431 282 37 236
5 463 66 440 259 354
7 496 487 142 53 116 404 154
4 173 134 168 247
8 482 267 28 147 178 409 483 438
10 381 392 144 488 217 185 330 425 58 86
3 181 441 490
4 289 224 496 476
7 232 465 240 229 374 474 242
6 25 220 64 276 160 259
8 225 75 51 405 404 182 81 259
5 202 26 305 403 395
11 22 229 329 403 348 327 488 339 171 349 84
3 327 242 50
6 376 155 477 420 166 61
4 265 128 347 181
6 279 122 415 441 397 188
7 180 383 309 136 210 87 68
5 460 490 338 285 58
7 307 115 342 16 81 495 473
7 315 441 313 219 208 22 425
5 319 445 494 465 349
7 66 460 76 376 467 409 69
5 325 173 110 168 389
4 330 248 278 313
3 283 113 102
4 487 83 318 490
6 137 117 33 136 407 333
5 237 92 326 232 215
4 374 467 383 263
2 173 72
8 35 359 321 469 355 216 337 456
13 353 139 487 235 464 43 92 75 398 71 125 413 146
8 278 462 105 286 51 78 250 280
8 247 276 462 186 110 18 41 488
5 300 463 175 440 7
3 50 348 102
4 126 84 327 115
2 347 393
7 225 223 154 495 287 151 284
6 264 114 26 495 205 176
6 121 63 485 73 469 6
6 63 41 253 80 312 350
10 271 335 41 165 336 37 324 247 168 456
4 442 119 120 212
3 450 281 397
4 19 82 74 345
9 283 115 497 394 24 152 428 359 169
9 185 399 413 345 203 380 481 409 39
10 69 437 342 121 497 142 206 109 351 239
7 250 236 338 51 24 337 369
2 385 468
12 173 466 335 312 54 164 73 119 169 414 158 277
7 195 116 70 249 360 6 270
7 51 308 208 190 181 472 199
4 369 392 367 497
5 59 185 480 333 290
7 125 143 357 438 141 382 194
5 289 35 142 478 90
7 230 43 482 483 378 202 286
6 212 316 54 274 322 102
3 120 388 231
4 291 20 59 223
6 153 279 226 368 436 424
2 163 384
2 225 378
3 308 81 298
9 186 411 224 415 20 368 41 197 365
4 278 238 305 491
9 49 426 84 353 427 205 89 153 146
7 99 394 428 464 16 262 40
5 201 346 463 425 493
7 151 401 364 414 358 226 136
4 445 310 484 233
9 108 259 350 254 58 422 415 198 256
3 329 444 312
6 144 424 226 434 355 179
6 353 235 257 0 239 275
6 340 235 97 350 158 291
4 498 271 447 242
7 135 138 476 188 348 412 170
4 358 385 401 67
5 57 276 336 13 161
4 178 473 163 400
6 178 158 407 233 255 153
6 101 283 133 451 174 44
2 359 384
4 362 449 487 14
6 372 190 340 194 368 441
8 397 139 61 203 452 5 290 3
6 176 452 205 246 397 357
11 299 281 378 347 40 314 466 108 356 19 236
9 35 29 434 392 189 390 264 288 316
8 92 380 196 126 274 10 227 386
6 395 419 425 26 15 480
7 398 405 162 427 1 191 269
2 197 300
7 411 31 390 192 399 356 419
5 221 260 312 127 461
3 327 135 345
7 18 15 310 159 108 239 464
7 82 414 166 267 386 94 302
8 62 35 432 433 29 412 158 147
7 395 79 251 133 400 227 47
7 10 440 442 324 128 448 256
7 472 25 317 392 27 173 14
2 268 83
