1000
4 489 311 467 940
7 971 97 629 673 777 532 737
6 521 388 283 289 418 595
5 836 774 437 976 341
1 721
4 704 965 987 630
8 777 965 782 954 311 544 267 185
3 122 225 56
6 712 683 576 867 579 467
9 455 652 74 898 496 305 574 223 682
2 569 108
4 965 271 586 718
8 869 910 17 893 122 883 124 394
0
5 190 725 565 270 69
4 739 930 366 856
8 499 267 331 322 548 910 765 127
5 293 12 601 95 835
1 370
6 813 481 500 446 262 195
5 326 636 712 567 539
4 973 414 346 994
4 66 302 740 60
3 117 509 305
2 419 228
5 47 759 634 494 422
9 256 623 116 326 99 91 134 951 505
7 678 868 975 424 644 574 546
3 961 229 720
7 344 405 884 273 996 47 398
5 343 508 95 334 917
8 509 93 178 721 975 814 987 772
7 828 95 293 248 432 927 824
7 183 286 580 460 186 299 298
4 301 859 593 608
3 152 129 731
3 554 854 878
6 563 556 468 771 856 987
6 92 539 935 968 897 462
4 879 293 111 140
7 176 910 316 944 894 608 920
4 220 590 667 46
6 323 845 460 355 315 774
5 235 297 759 125 744
6 744 810 481 95 420 826
8 136 260 576 456 411 879 307 283
9 576 143 280 83 41 433 225 410 677
6 25 101 250 976 29 946
4 124 886 881 995
5 51 395 893 684 780
4 632 98 996 525
9 49 805 58 100 475 248 172 186 99
7 597 208 274 738 866 258 583
8 923 808 129 974 102 159 256 405
5 103 354 886 405 155
5 746 997 369 192 661
5 368 7 623 828 889
6 238 794 360 754 300 487
4 161 970 51 377
6 250 287 572 575 991 246
7 536 646 929 940 583 168 22
8 635 569 984 73 382 971 957 705
6 566 555 407 490 412 281
8 241 980 848 425 850 154 581 744
6 815 113 870 171 733 650
6 763 424 230 394 554 269
3 22 841 563
5 88 317 151 274 342
4 241 326 103 93
8 234 709 480 369 353 609 236 14
11 915 849 543 665 632 518 838 410 778 190 902
5 721 282 971 410 990
5 234 526 724 464 540
3 61 623 362
7 9 382 592 788 464 192 786
13 550 590 107 295 519 460 386 730 452 873 588 462 454
9 966 687 160 700 480 560 832 867 606
7 453 114 348 181 648 144 606
6 369 508 660 306 781 522
7 763 158 882 585 135 730 939
12 382 317 404 434 405 387 512 256 969 179 731 944
3 335 296 927
7 872 920 871 553 868 612 384
9 854 634 484 383 46 676 596 690 538
6 274 511 380 578 744 655
3 291 658 284
8 742 731 604 290 904 317 594 660
8 684 195 311 790 749 111 851 984
6 67 946 222 566 410 957
6 455 301 604 449 286 135
3 986 465 370
3 26 787 392
7 967 764 122 38 134 629 374
12 678 720 31 481 447 773 68 657 920 234 109 728
4 379 926 649 389
15 787 611 992 539 670 30 346 44 343 514 32 17 417 748 442
3 337 473 194
6 916 517 685 1 138 320
3 940 762 50
9 683 367 26 925 487 51 118 998 674
6 264 51 444 661 447 822
6 670 859 47 371 812 757
9 895 918 576 697 454 53 852 163 538
6 54 887 807 68 384 600
8 105 344 753 713 276 823 754 591
9 915 104 502 682 149 417 461 328 728
5 790 210 579 679 360
3 686 75 302
6 891 575 10 501 249 159
7 183 950 906 760 138 242 93
7 718 592 691 805 502 358 441
7 462 254 663 39 140 87 598
4 156 689 178 717
4 866 64 440 433
5 951 77 348 577 654
4 338 586 395 783
10 268 274 353 26 356 648 489 934 954 538
9 796 698 685 296 23 718 376 435 823
9 911 444 331 898 851 523 864 99 740
3 187 696 418
7 759 663 886 907 320 706 575
4 356 131 254 683
6 7 92 381 12 760 964
5 815 738 416 880 253
6 294 467 48 496 205 12
5 138 991 43 420 477
2 549 603
7 279 851 549 868 479 871 16
4 131 805 281 995
9 35 546 281 767 53 514 653 671 484
6 196 745 301 686 637 440
4 121 128 899 828
4 609 564 389 443
8 579 789 825 987 831 202 553 778
5 632 405 949 26 92
10 931 255 271 464 324 79 489 740 205 89
6 45 980 552 820 656 652
5 961 903 688 542 270
7 125 787 830 550 97 109 438
5 207 884 330 199 307
12 724 392 391 39 785 231 643 149 111 587 422 789
5 722 224 610 893 154
7 803 811 271 648 851 275 228
11 737 335 515 191 770 809 432 46 810 189 812
5 679 339 253 523 77
7 577 758 591 846 356 995 792
6 469 890 693 676 869 597
6 735 825 203 320 601 419
2 879 392
7 504 759 105 823 140 441 728
2 850 203
8 389 67 807 565 671 335 241 600
8 663 35 457 418 620 558 536 830
4 183 341 561 168
7 353 513 724 251 450 63 141
4 428 766 507 54
11 112 244 302 778 203 489 710 530 630 445 703
8 649 619 852 389 594 166 732 502
7 79 993 194 744 282 767 217
5 220 566 827 53 108
3 444 76 245
13 58 416 826 448 871 349 772 559 376 464 451 999 450
4 309 918 726 624
9 415 825 695 806 781 833 565 642 102
3 878 781 749
4 989 759 552 330
7 379 577 157 326 999 748 230
3 838 250 508
8 952 450 669 460 263 60 311 153
6 860 630 924 811 271 664
8 710 380 905 416 436 580 568 363
4 327 64 620 500
6 471 656 797 551 51 799
4 389 701 360 674
4 184 211 350 491
4 820 674 650 719
5 833 40 436 781 462
5 616 565 470 953 865
7 271 324 653 31 112 924 528
11 625 943 658 425 481 758 80 641 502 440 834
4 242 224 857 751
5 746 321 940 77 902
3 780 550 594
6 109 754 153 33 309 228
7 276 973 174 842 279 418 698
3 284 6 851
5 601 332 33 646 51
2 119 285
4 938 772 644 988
3 379 196 143
7 655 14 433 70 753 507 442
7 508 143 441 549 378 680 930
4 329 55 856 74
3 714 959 765
9 282 635 997 96 320 158 985 196 590
5 87 943 662 849 19
7 130 497 980 194 591 189 246
4 675 323 828 775
3 303 927 376
3 575 589 139
3 468 337 750
3 468 650 686
5 904 924 133 262 956
6 393 156 147 733 732 150
8 836 429 907 491 502 666 859 577
5 706 490 124 135 377
3 847 300 628
3 705 517 139
7 379 52 703 997 475 420 261
3 685 406 308
6 339 106 530 219 578 734
6 824 246 174 833 852 533
6 721 984 462 640 600 531
1 890
4 242 363 448 255
4 293 366 785 619
8 335 270 935 987 922 959 968 844
4 657 322 499 158
5 518 643 488 885 523
7 552 456 362 349 210 490 723
8 41 440 279 159 268 385 855 246
2 832 756
5 303 552 88 490 454
7 780 435 407 238 476 9 763
9 611 651 570 616 180 141 589 226 279
5 7 46 459 499 779
9 301 456 515 533 884 663 224 341 654
4 522 799 836 481
5 365 854 24 183 142
5 867 429 28 520 358
9 281 964 354 307 861 65 557 825 166
8 880 857 307 140 543 587 633 607
3 369 603 294
6 423 738 892 758 791 502
4 69 72 841 93
6 43 512 253 621 602 388
3 257 69 392
6 858 547 295 473 472 943
7 57 223 653 554 875 890 997
8 546 278 703 773 449 482 392 296
5 646 292 908 413 769
7 68 63 395 875 902 392 151
8 180 214 869 809 109 328 298 885
7 285 542 308 355 602 736 304
8 156 429 585 312 641 271 866 316
6 600 818 314 937 160 506
12 750 272 869 361 707 511 211 580 699 220 196 59
4 588 737 310 326
9 642 484 712 926 333 397 32 51 475
8 483 341 409 461 313 713 758 108
9 59 486 47 281 167 758 543 900 824
4 631 511 154 850
5 592 738 285 762 817
11 283 972 769 144 235 123 724 672 860 696 779
9 958 111 566 787 985 329 991 121 273
8 563 983 135 645 570 473 214 698
7 26 80 369 817 694 467 53
4 500 994 236 966
6 741 834 322 674 431 52
2 484 382
3 45 405 653
5 470 791 681 208 782
5 358 716 765 202 19
3 168 345 735
2 100 348
3 769 939 738
3 388 839 720
8 871 16 368 957 993 6 669 974
5 116 652 688 793 220
6 450 476 764 65 736 356
8 744 216 618 709 946 14 137 517
14 676 178 553 142 135 872 11 346 169 990 399 985 244 666
2 246 930
11 768 686 29 586 460 362 840 820 254 562 976
7 116 606 84 52 67 506 308
5 577 647 750 841 142
4 184 947 666 104
4 486 551 845 313
7 288 239 965 536 712 453 343
9 479 220 850 127 425 184 460 649 224
3 738 897 46
11 230 450 129 405 250 62 605 445 286 128 548
5 71 194 445 158 901
6 887 253 495 2 45 652
7 770 348 603 185 389 767 85
9 243 780 791 665 187 902 252 770 885
6 901 33 728 563 281 89
4 611 59 385 947
4 278 796 676 506
6 794 886 611 723 2 939
5 395 866 694 345 86
6 85 343 625 587 797 378
6 240 661 626 365 549 433
7 17 215 924 39 851 518 32
7 124 693 991 448 978 328 232
8 75 501 237 678 794 789 449 550
7 335 81 299 948 558 117 239
3 43 968 555
9 423 577 816 653 752 439 242 733 33
3 296 566 33
5 558 206 57 565 445
5 89 226 34 130 543
14 401 864 809 22 156 931 662 567 764 633 716 107 963 676
2 222 198
6 996 819 415 895 880 243
6 9 360 743 640 571 23
10 486 487 954 431 693 78 601 925 902 607
9 385 231 45 423 468 230 519 912 139
7 415 791 243 896 274 533 209
9 162 494 183 337 897 865 344 664 720
4 640 979 247 815
8 504 0 87 803 705 6 702 168
4 582 244 358 640
3 249 456 277
5 609 476 245 744 387
9 474 367 455 803 42 826 900 815 683
7 407 40 943 371 555 244 682
8 80 688 67 891 955 86 990 472
4 564 987 335 788
5 614 589 730 351 378
9 611 194 97 376 589 120 147 423 437
9 733 805 679 451 477 407 979 765 181
6 862 948 439 258 16 217
6 42 642 197 951 410 535
7 977 178 369 609 135 500 657
4 606 463 762 616
10 20 68 953 537 991 26 247 166 751 591
5 936 683 171 737 914
5 617 105 242 341 294
8 848 670 565 254 622 192 890 397
6 848 872 639 165 139 618
6 488 613 720 118 16 889
8 884 574 815 701 186 729 738 989
2 248 374
6 465 549 765 30 418 753
11 956 143 81 296 216 499 574 874 318 527 151
4 792 832 408 872
6 96 309 421 450 686 200
8 115 638 360 880 417 423 662 573
11 988 393 210 939 377 144 828 671 579 890 549
5 928 353 861 774 946
6 249 153 730 328 226 3
2 440 67
7 30 973 291 95 457 810 278
6 29 104 519 309 677 684
5 779 862 290 754 263
6 833 95 21 271 891 793
6 763 997 359 813 847 745
8 621 264 284 114 77 734 956 451
3 219 161 663
2 174 559
6 836 869 319 857 807 734
7 827 529 435 717 964 867 934
8 967 340 881 154 116 69 838 746
5 651 946 54 230 471
4 243 42 726 975
6 121 145 494 116 418 269
4 491 952 794 955
5 938 262 229 110 312
9 347 559 744 656 457 739 545 881 986
9 338 559 717 305 57 865 821 173 106
3 246 597 629
8 567 219 894 273 692 798 441 73
4 397 214 816 170
2 405 566
3 228 807 292
5 714 548 215 15 542
8 714 383 99 660 315 730 974 588
5 267 56 779 718 709
8 324 78 232 69 256 55 956 567
10 375 812 408 796 650 882 530 720 18 90
4 899 316 101 566
4 441 483 525 381
6 983 692 920 749 854 402
7 430 412 543 773 333 782 92
3 370 843 542
8 946 629 161 818 198 117 702 320
9 339 785 898 465 484 586 605 58 205
4 596 191 291 319
9 208 189 971 166 94 527 677 706 686
5 170 895 84 962 454
5 756 122 469 372 702
10 620 80 780 514 74 403 61 710 259 665
5 367 976 83 912 400
6 963 909 462 981 103 82
7 307 673 287 538 220 572 611
5 556 928 75 565 689
3 80 314 902
10 266 2 900 556 415 473 843 684 962 235
12 488 173 151 635 157 477 546 284 132 676 461 94
7 598 585 610 611 804 395 906
7 893 699 140 459 514 634 800
9 942 140 588 91 239 148 236 241 972
7 339 834 203 747 884 473 506
3 65 921 12
7 290 49 241 390 115 979 516
6 935 557 881 418 860 650
7 797 363 428 464 625 248 329
5 439 693 29 430 757
3 771 271 894
3 586 600 383
3 302 601 678
7 501 541 585 820 517 631 373
3 928 382 839
5 80 917 741 809 613
11 678 134 281 29 80 364 971 905 260 54 53
7 882 609 814 964 209 806 690
10 951 987 316 62 527 223 321 808 665 482
5 464 370 687 998 336
4 521 761 662 249
11 547 924 536 70 503 71 967 323 46 88 843
4 45 718 512 867
5 374 527 62 713 716
2 885 240
6 21 726 741 816 974 708
7 308 163 982 388 918 304 652
6 161 123 895 826 170 500
4 105 338 95 630
9 119 506 152 184 334 396 356 814 2
4 24 843 713 147
5 433 787 208 125 44
7 564 337 804 510 579 821 941
5 991 532 25 140 707
8 504 298 554 233 473 307 338 320
7 27 65 874 452 642 906 466
10 718 942 63 179 525 727 279 495 433 747
7 713 620 584 570 597 585 937
3 737 655 903
6 155 540 988 397 630 708
11 992 553 204 464 244 229 676 558 551 503 673
5 374 986 842 680 398
3 306 759 258
5 610 143 710 32 714
11 420 190 520 849 113 768 621 425 46 292 808
4 544 677 80 706
4 223 352 117 797
5 516 176 170 981 702
5 695 846 3 722 320
5 981 598 545 647 138
8 671 587 398 322 991 602 826 298
10 815 220 619 342 804 825 113 130 616 179
6 191 372 965 149 362 110
4 752 673 190 95
3 983 841 132
5 118 865 610 100 160
5 282 281 678 156 300
7 603 725 476 19 497 599 620
6 93 864 715 810 100 910
10 449 161 738 800 739 294 214 505 750 921
4 448 295 239 89
8 281 269 168 916 337 154 865 161
6 807 559 321 584 161 348
10 691 532 424 671 646 938 778 75 564 476
5 880 77 912 278 930
8 661 992 860 102 222 380 706 75
4 9 89 315 973
7 522 561 219 45 226 904 313
6 540 152 771 359 343 612
1 811
9 570 391 487 612 802 549 225 480 593
10 486 42 867 33 273 75 606 279 168 695
8 905 705 802 105 249 634 782 389
8 111 909 212 384 529 75 38 176
3 713 875 325
11 650 517 408 429 135 397 161 626 719 72 74
8 843 334 765 803 973 377 90 656
5 523 955 803 424 517
8 932 124 0 531 564 577 256 8
8 632 989 307 579 200 201 637 37
6 146 636 995 658 381 663
7 943 261 177 724 578 747 856
4 940 172 354 851
7 887 969 787 237 964 317 744
7 423 688 393 255 96 388 237
4 936 315 689 790
8 683 768 208 843 51 701 772 248
7 922 269 446 314 223 898 452
6 555 321 696 389 509 125
4 941 510 822 884
4 279 986 541 127
6 490 69 739 76 459 803
7 688 19 44 93 179 608 227
5 893 775 977 239 407
6 249 734 956 372 712 828
9 812 722 248 550 259 377 83 129 803
3 823 611 945
6 675 306 460 250 277 586
7 619 306 488 99 459 661 57
5 389 331 598 487 218
5 0 156 135 116 678
10 538 480 712 62 848 936 205 222 219 596
4 357 557 204 174
2 497 656
2 966 672
7 309 356 854 914 873 25 675
6 551 793 801 283 425 624
5 9 124 533 800 872
6 492 196 835 446 685 621
4 664 650 539 735
5 16 893 217 335 225
9 989 19 597 257 916 171 416 559 324
7 402 295 545 853 108 886 540
9 105 204 728 990 757 110 179 233 157
4 992 410 429 701
4 423 311 149 993
6 521 643 995 448 26 910
6 871 418 288 274 393 245
6 710 784 640 569 155 190
6 191 959 78 30 167 763
6 31 934 764 477 708 23
5 527 955 478 421 640
8 251 671 84 530 879 246 611 689
6 995 235 552 80 411 707
4 154 793 935 785
11 382 702 689 941 932 95 584 579 129 391 832
2 143 226
4 436 661 871 395
8 97 616 464 668 207 402 466 270
4 218 945 70 293
11 934 805 75 344 623 789 806 307 557 608 591
4 613 433 229 983
7 2 505 621 409 616 848 722
4 456 227 78 543
6 466 144 118 943 562 218
2 568 773
6 607 927 425 372 903 50
3 921 844 72
8 510 647 914 407 412 379 679 335
3 866 823 178
5 352 922 535 970 462
5 712 511 210 156 370
7 916 764 696 467 816 212 667
3 452 422 1
5 585 226 496 211 308
1 988
5 794 529 838 323 536
8 60 278 410 998 644 556 152 535
2 778 326
8 490 816 881 976 385 102 83 116
5 95 38 498 20 634
7 457 428 941 893 623 72 501
3 402 479 669
5 243 375 739 137 366
11 70 944 572 374 566 250 231 764 873 301 522
2 434 6
6 438 501 784 934 720 359
8 239 129 835 664 629 389 746 27
3 410 237 814
6 366 703 741 16 973 281
11 126 550 334 191 906 459 608 127 292 339 586
8 75 549 484 821 138 710 182 295
7 495 574 429 941 703 277 172
9 219 855 512 222 951 767 136 165 805
6 271 429 918 667 133 82
4 423 36 65 238
7 842 890 62 477 297 316 910
9 386 388 821 536 793 37 853 834 920
6 491 736 396 230 923 519
6 300 296 429 152 913 606
9 451 819 359 922 360 161 350 500 699
3 591 76 924
4 456 153 599 853
5 860 934 969 523 273
10 255 786 763 37 670 66 951 286 903 876
8 787 421 132 979 318 467 452 655
8 177 781 329 163 14 386 151 300
11 62 159 254 299 881 543 957 88 822 364 371
10 739 783 362 956 836 602 302 594 20 369
3 524 776 170
6 61 766 10 677 507 865
7 459 224 255 823 971 426 658
5 694 305 961 782 594
6 687 922 543 59 385 853
3 956 905 338
6 332 551 9 27 335 865
7 710 199 108 986 59 955 120
6 45 46 102 8 725 971
12 145 275 606 298 778 166 114 970 673 204 946 467
5 210 470 903 84 597
9 133 801 468 106 673 514 421 339 8
6 965 33 246 170 899 908
6 617 970 690 988 610 63
4 312 943 859 630
5 624 60 853 911 52
4 426 514 451 590
8 533 390 402 819 244 667 79 426
8 400 115 970 486 273 11 377 549
8 439 690 291 140 667 946 231 692
4 247 392 75 367
9 800 319 783 199 749 224 601 704 320
6 75 642 41 194 789 584
9 560 592 145 666 196 104 738 326 519
4 591 252 110 74
6 753 621 598 34 675 459
5 567 157 182 86 571
3 679 752 2
5 740 378 490 83 600
7 52 919 500 361 426 146 578
7 438 785 390 968 488 593 111
3 446 561 696
7 979 245 400 212 596 103 151
9 186 857 17 306 741 589 760 401 147
6 567 439 705 243 695 235
7 446 232 640 741 681 284 126
3 89 86 988
4 281 377 935 900
8 964 274 325 577 460 76 77 558
4 525 694 306 231
9 628 997 631 481 549 40 653 34 519
5 132 314 324 406 69
9 718 922 772 432 809 390 444 141 581
11 224 95 320 903 287 654 390 289 485 511 385
6 695 791 459 457 803 82
3 520 331 404
4 640 319 615 824
1 614
6 177 517 224 325 440 521
7 328 581 619 919 894 713 734
3 720 270 330
8 487 440 787 617 215 157 923 820
6 382 426 171 152 446 932
8 348 521 593 433 235 911 497 986
3 738 694 329
6 26 73 519 56 645 540
8 583 937 665 983 727 162 891 495
5 179 291 397 870 696
6 942 292 990 464 905 826
3 834 953 662
7 608 805 977 634 691 206 755
8 376 1 546 784 968 940 92 361
9 169 827 703 156 428 758 5 582 417
4 251 608 402 934
7 134 468 970 70 50 653 654
3 906 302 231
8 738 83 628 25 461 648 539 391
5 61 997 194 389 693
3 838 469 20
4 774 757 468 130
3 845 338 709
4 330 648 737 828
8 614 603 212 507 310 305 510 312
4 802 179 244 735
7 590 248 323 661 424 910 163
6 505 218 729 140 849 672
5 907 27 536 702 188
4 255 862 623 960
5 240 60 452 662 186
3 527 275 438
8 639 142 634 116 995 77 711 778
5 157 781 94 873 279
10 464 498 658 370 833 64 201 680 175 396
3 224 354 906
5 268 9 415 283 136
9 178 632 298 238 129 842 608 936 260
13 812 810 611 686 989 632 938 114 985 876 861 226 983
5 190 427 704 84 564
8 784 359 971 465 787 172 492 136
6 217 740 93 979 980 324
11 936 469 179 687 650 810 570 85 822 697 905
0
9 367 78 941 693 797 803 834 687 86
9 746 454 686 516 642 292 100 487 55
6 302 409 646 338 195 627
7 152 111 699 349 226 469 120
4 498 546 309 169
10 777 70 285 624 854 407 731 903 718 382
6 880 591 898 276 204 271
6 553 585 41 587 840 531
2 517 957
8 863 849 689 878 541 168 880 267
6 101 95 563 873 329 891
10 439 511 777 758 452 339 801 129 151 715
4 493 872 643 253
9 759 951 385 442 579 1 577 680 429
7 175 887 258 849 867 99 173
5 486 197 785 494 593
8 271 887 288 429 146 389 83 302
8 895 823 434 843 569 379 344 46
7 27 93 405 295 401 445 489
6 595 321 144 106 527 811
7 845 942 430 925 191 673 650
3 261 603 963
4 105 956 9 316
6 99 475 327 8 121 315
5 87 825 49 344 388
6 97 117 209 884 497 926
9 273 107 661 654 130 337 201 379 883
5 572 76 408 658 660
9 268 481 317 783 137 473 720 766 838
7 669 112 474 514 722 386 511
7 984 581 714 587 879 83 406
4 452 882 110 628
6 373 741 863 362 587 758
9 929 398 294 146 660 306 819 635 766
6 622 290 571 969 607 256
8 834 437 817 163 612 863 602 460
8 119 811 738 477 531 599 253 625
6 946 738 841 858 102 658
6 117 811 829 915 255 184
5 391 987 663 246 559
4 870 847 76 943
7 173 934 332 826 475 503 966
7 514 644 376 311 885 436 381
7 208 548 239 776 551 630 156
4 5 893 655 589
7 461 751 207 311 602 741 61
8 721 941 205 434 379 454 120 780
6 963 850 925 246 512 422
4 888 509 428 414
6 69 270 638 789 851 368
10 170 575 507 938 859 550 382 156 432 849
3 970 958 648
7 530 8 248 20 278 490 483
11 770 463 426 104 412 249 617 419 735 968 980
6 366 367 966 690 193 432
3 901 447 671
4 262 743 302 412
7 931 360 112 851 949 352 917
11 425 610 110 971 959 11 117 886 411 368 665
5 780 848 464 175 880
12 618 93 893 331 828 688 266 545 28 370 909 309
8 71 706 212 939 964 31 846 4
6 484 141 777 689 437 521
2 289 219
7 140 991 470 154 72 253 878
6 446 960 14 965 576 841
5 728 957 414 355 162
3 829 425 624
7 726 802 286 502 105 149 93
5 998 840 643 931 332
6 341 367 75 319 920 79
5 35 86 935 665 80
2 203 157
4 321 64 203 298
6 483 736 348 617 351 210
8 765 147 897 882 713 498 641 263
7 913 557 734 778 243 269 962
7 143 427 247 639 327 1 921
15 622 634 696 123 773 697 280 233 52 448 886 252 265 332 591
7 896 567 15 480 448 542 359
6 596 22 657 756 135 118
8 258 548 404 603 692 414 601 705
3 896 86 920
2 305 716
10 44 270 962 359 158 43 314 84 63 472
2 130 347
6 661 55 181 907 546 353
7 976 393 425 963 773 470 947
5 825 845 802 166 95
5 589 87 164 373 971
6 246 814 275 867 448 200
3 705 180 326
6 765 442 595 933 298 830
6 593 104 815 334 190 868
5 183 345 759 57 104
4 869 825 830 628
6 969 381 917 221 740 904
6 773 862 637 502 398 101
8 145 671 179 250 233 630 249 692
8 673 43 149 25 165 754 120 431
5 972 109 601 122 791
2 409 882
4 796 98 252 325
7 997 79 347 65 563 223 508
8 772 92 531 509 900 302 543 269
9 735 752 334 465 321 262 16 997 193
7 959 569 770 155 688 844 693
5 129 552 820 158 284
5 273 985 475 433 914
4 958 265 253 240
8 889 284 713 143 990 840 766 285
5 948 895 399 457 37
8 884 764 610 161 989 188 475 31
8 757 738 972 93 374 239 524 747
7 637 994 781 3 987 340 42
2 482 197
2 568 703
6 665 722 6 671 908 1
10 537 156 736 833 577 815 70 452 133 648
6 345 859 823 368 253 225
7 719 382 285 223 182 49 706
10 565 774 980 841 649 164 163 176 78 970
6 6 970 461 571 374 261
4 567 688 589 115
7 656 796 507 545 629 897 970
7 598 997 215 377 675 513 140
4 863 563 989 74
9 95 564 619 138 254 420 656 91 472
6 881 987 798 74 926 318
8 133 871 921 519 295 709 590 140
4 106 474 87 888
11 308 285 977 612 261 993 974 233 760 794 808
6 992 336 889 832 865 145
6 495 268 513 556 861 346
11 831 876 818 295 535 289 57 357 966 791 995
1 964
5 117 784 288 370 762
8 397 976 660 830 850 172 291 435
3 788 362 848
5 227 980 894 172 882
5 589 448 992 496 391
5 842 495 579 671 953
8 641 461 728 930 948 459 919 748
9 142 465 311 315 660 466 612 480 484
4 836 421 440 390
7 321 519 628 51 110 552 128
5 894 163 519 810 406
7 451 808 884 103 365 351 151
5 807 53 407 791 433
6 302 610 143 242 404 991
9 44 939 654 977 658 447 343 143 806
6 696 142 458 169 698 679
6 484 654 370 977 101 143
3 19 901 347
8 750 31 956 406 547 840 868 418
9 123 440 955 64 332 753 778 310 315
6 538 298 866 531 363 414
3 695 256 252
5 866 245 794 892 376
6 559 882 585 304 693 830
6 175 402 136 767 273 619
5 550 556 360 864 421
4 658 566 478 100
11 677 882 104 149 485 570 779 980 528 117 920
4 211 250 614 32
10 990 133 163 748 147 440 684 755 947 230
8 161 416 701 851 439 315 44 626
4 882 352 630 159
11 720 197 339 32 890 56 943 988 639 131 483
4 727 902 698 930
8 920 138 935 797 755 752 152 819
3 794 133 916
5 221 792 336 76 514
6 176 346 778 163 650 211
7 393 695 258 627 660 556 179
5 546 497 843 938 17
7 204 3 567 804 227 351 882
1 967
8 636 974 167 70 981 353 535 688
2 266 403
5 770 729 273 814 667
7 66 697 781 275 443 234 725
5 801 555 184 430 653
8 465 677 375 475 419 835 388 410
4 935 526 766 216
5 680 638 42 277 748
3 145 437 721
3 206 347 700
8 330 63 329 490 719 521 912 798
9 669 70 433 674 643 867 710 195 939
7 707 279 150 63 928 797 251
11 974 127 717 293 118 709 142 826 87 471 185
4 925 157 211 102
5 501 583 556 572 561
7 83 494 665 869 228 36 373
5 552 877 976 220 925
6 926 15 37 192 470 881
4 231 601 180 351
2 237 697
7 957 34 101 710 779 204 582
5 169 562 454 253 396
4 340 793 230 654
4 322 757 345 645
4 669 786 692 695
4 302 447 821 118
10 444 918 990 309 360 792 450 569 574 177
8 818 290 113 528 816 244 990 52
9 229 460 750 8 674 76 849 352 411
7 27 971 127 753 82 814 939
7 12 242 246 755 146 854 351
5 700 64 959 951 625
7 267 789 506 161 516 82 127
6 330 82 271 672 336 496
6 670 494 649 543 75 913
3 424 924 335
4 463 884 241 238
3 794 654 563
2 855 901
7 669 164 997 36 951 975 724
5 39 511 45 148 690
8 666 453 231 338 123 669 304 719
9 788 353 566 396 538 48 359 995 856
12 827 963 819 406 823 691 79 735 370 761 836 799
2 12 686
11 332 772 994 807 393 875 29 685 226 139 478
5 413 285 702 218 242
8 923 48 54 738 289 718 501 120
6 283 103 676 674 472 958
3 708 937 790
4 770 792 56 331
10 555 146 939 828 942 213 329 238 339 933
5 108 317 670 346 624
2 818 233
10 391 482 720 49 704 499 141 12 985 540
6 806 40 362 799 617 399
8 677 771 945 102 416 380 955 304
3 739 742 308
6 994 309 735 280 784 38
5 9 666 377 118 476
5 961 371 901 131 580
5 388 764 250 315 605
6 286 813 715 899 877 282
7 829 241 285 306 70 387 181
8 611 427 137 957 578 525 665 563
6 202 456 967 756 86 958
7 461 170 965 405 626 573 658
6 633 651 390 109 549 424
4 644 204 746 120
3 777 240 580
3 462 384 720
8 40 12 642 16 951 447 555 505
3 118 621 583
4 453 383 307 848
3 736 873 558
4 527 494 768 327
3 70 105 698
6 97 531 450 831 945 500
4 404 756 30 717
5 553 865 102 415 162
4 964 597 802 617
9 830 82 373 730 742 93 823 556 40
5 789 526 394 448 737
7 476 610 572 559 529 216 982
4 53 886 619 557
7 410 202 293 169 178 874 560
6 707 852 99 680 306 855
5 856 248 94 788 685
5 198 525 81 929 32
5 340 403 386 987 850
3 693 60 927
6 15 272 802 829 191 453
5 135 717 302 729 962
4 467 514 969 620
2 752 890
8 519 509 701 545 562 116 631 352
8 396 844 513 216 830 731 38 605
5 474 327 658 490 653
4 624 888 245 426
6 358 188 710 452 654 835
9 339 810 721 265 890 79 868 849 289
6 471 98 0 60 629 181
8 706 956 478 660 514 551 540 421
5 392 626 425 680 890
9 470 179 582 195 316 828 700 237 523
4 996 40 543 80
4 895 518 916 485
9 376 354 697 270 88 47 340 587 577
5 276 952 287 825 747
4 771 322 296 802
2 134 717
1 109
10 407 114 673 552 563 870 323 26 910 878
3 947 168 357
5 326 627 983 801 177
3 306 6 116
7 815 510 895 575 317 466 357
10 335 941 567 573 483 682 814 369 202 348
8 859 726 903 566 267 668 61 88
5 254 769 887 711 904
6 766 508 718 870 193 216
2 725 645
5 899 137 28 974 571
5 744 380 736 931 388
7 707 384 882 747 970 681 302
9 606 919 230 721 795 406 352 472 122
8 11 580 278 6 5 905 441 725
6 76 493 714 257 794 701
5 353 92 904 410 837
6 297 598 629 38 713 216
6 756 80 932 472 694 562
11 711 632 581 58 586 529 782 577 781 963 784
11 868 718 1 71 61 379 656 405 570 576 749
4 760 253 773 392
6 21 184 343 465 455 548
8 851 838 961 791 53 367 414 267
4 27 31 355 878
8 747 797 47 383 538 855 3 273
6 324 791 628 810 812 482
1 294
6 600 321 564 310 395 657
8 63 136 799 781 196 823 657 713
4 438 838 384 436
2 415 922
7 255 373 443 953 624 520 654
4 690 61 212 87
6 768 254 194 271 893 654
6 430 479 90 575 359 621
11 407 699 133 788 774 928 5 318 216 31 37
7 339 428 581 828 188 534 604
7 500 165 468 772 654 332 786
9 825 770 865 271 626 502 71 866 317
9 422 326 724 125 439 294 254 59 809
6 792 429 503 95 454 800
4 504 158 791 267
5 884 774 897 257 21
9 469 512 505 145 48 128 648 881 794
4 944 304 29 50
11 763 55 635 347 194 608 208 785 878 238 765
4 729 408 536 99
2 161 166
